3.477118015289306641e-01 1.430627822875976562e+00
3.009125590324401855e-01 1.430270433425903320e+00
3.034430146217346191e-01 1.515481710433959961e+00
3.049291372299194336e-01 1.525068283081054688e+00
3.051005601882934570e-01 1.538616657257080078e+00
3.038148283958435059e-01 1.542956709861755371e+00
3.039000630378723145e-01 1.542893171310424805e+00
3.021408319473266602e-01 1.565014481544494629e+00
3.197478353977203369e-01 1.565024614334106445e+00
3.197368383407592773e-01 1.564085483551025391e+00
3.199129700660705566e-01 1.565548658370971680e+00
3.192232251167297363e-01 1.565438270568847656e+00
3.192128539085388184e-01 1.568186998367309570e+00
3.185107409954071045e-01 1.560746431350708008e+00
3.206333518028259277e-01 1.562813878059387207e+00
3.414061069488525391e-01 1.560842990875244141e+00
3.458181321620941162e-01 1.560880064964294434e+00
3.427597284317016602e-01 1.561480164527893066e+00
3.500641882419586182e-01 1.562174439430236816e+00
3.501806855201721191e-01 1.562401413917541504e+00
3.465210795402526855e-01 1.548278212547302246e+00
3.462225496768951416e-01 1.548088312149047852e+00
3.379027247428894043e-01 1.549871206283569336e+00
3.398193717002868652e-01 1.571385622024536133e+00
3.412920832633972168e-01 1.571378111839294434e+00
3.403225541114807129e-01 1.475017547607421875e+00
3.403158783912658691e-01 1.441156268119812012e+00
3.402702808380126953e-01 1.459536075592041016e+00
3.518726527690887451e-01 1.459594488143920898e+00
3.516288995742797852e-01 1.458738565444946289e+00
3.529459238052368164e-01 1.460271120071411133e+00
3.531489372253417969e-01 1.460170745849609375e+00
3.525952696800231934e-01 1.462924122810363770e+00
3.513187766075134277e-01 1.457806825637817383e+00
3.515634536743164062e-01 1.459773063659667969e+00
3.495619893074035645e-01 1.457811594009399414e+00
3.512313365936279297e-01 1.457842469215393066e+00
3.630957007408142090e-01 1.458317279815673828e+00
3.701437711715698242e-01 1.459009051322937012e+00
3.711034357547760010e-01 1.459160923957824707e+00
3.611061871051788330e-01 1.447496056556701660e+00
2.896401286125183105e-01 1.447177052497863770e+00
2.922809720039367676e-01 1.554812669754028320e+00
2.938103377819061279e-01 1.564539790153503418e+00
2.939615249633789062e-01 1.578707218170166016e+00
2.927166223526000977e-01 1.583116650581359863e+00
2.928500175476074219e-01 1.583058953285217285e+00
2.912182807922363281e-01 1.606424570083618164e+00
3.059852719306945801e-01 1.606564521789550781e+00
3.061078190803527832e-01 1.605722546577453613e+00
3.062830865383148193e-01 1.607166528701782227e+00
3.054847717285156250e-01 1.607069969177246094e+00
3.054523468017578125e-01 1.609749436378479004e+00
3.048172295093536377e-01 1.605881690979003906e+00
3.065874874591827393e-01 1.608054399490356445e+00
3.066211938858032227e-01 1.606167197227478027e+00
3.080416321754455566e-01 1.606199860572814941e+00
3.273029327392578125e-01 1.606821060180664062e+00
3.280066251754760742e-01 1.607610344886779785e+00
3.340665698051452637e-01 1.607569336891174316e+00
3.341286182403564453e-01 1.592898845672607422e+00
2.988581061363220215e-01 1.592678189277648926e+00
3.008823990821838379e-01 1.594472169876098633e+00
3.019976317882537842e-01 1.616309642791748047e+00
3.021458983421325684e-01 1.616402268409729004e+00
3.009119629859924316e-01 1.513450264930725098e+00
3.008877038955688477e-01 1.359118461608886719e+00
2.993912696838378906e-01 1.357307672500610352e+00
3.200811147689819336e-01 1.356331706047058105e+00
3.200918436050415039e-01 1.356259346008300781e+00
3.202676773071289062e-01 1.357942461967468262e+00
3.195840716361999512e-01 1.361088871955871582e+00
3.195784687995910645e-01 1.362695217132568359e+00
3.191322982311248779e-01 1.363330721855163574e+00
3.208810091018676758e-01 1.362251639366149902e+00
3.634495735168457031e-01 1.362296342849731445e+00
4.487933814525604248e-01 1.362295746803283691e+00
4.698885679244995117e-01 1.362386465072631836e+00
4.711732864379882812e-01 1.362847447395324707e+00
4.814210534095764160e-01 1.355847120285034180e+00
5.055499076843261719e-01 1.355857968330383301e+00
5.060145854949951172e-01 1.355589985847473145e+00
4.999876022338867188e-01 1.382118225097656250e+00
4.987975656986236572e-01 1.381514787673950195e+00
5.002024173736572266e-01 1.354214429855346680e+00
5.801490545272827148e-01 1.309032320976257324e+00
7.705638408660888672e-01 1.197162151336669922e+00
9.701861143112182617e-01 1.015679240226745605e+00
1.181511998176574707e+00 9.452292323112487793e-01
1.293910264968872070e+00 9.180499315261840820e-01
1.364839553833007812e+00 9.183270335197448730e-01
1.392022013664245605e+00 9.188547134399414062e-01
1.414821624755859375e+00 9.196736216545104980e-01
1.415604591369628906e+00 9.203068017959594727e-01
1.415536284446716309e+00 9.228309392929077148e-01
1.426355838775634766e+00 9.240515232086181641e-01
1.426166892051696777e+00 9.265091419219970703e-01
1.425043582916259766e+00 9.254211783409118652e-01
1.425315260887145996e+00 9.253753423690795898e-01
1.425483822822570801e+00 9.242435693740844727e-01
1.426618456840515137e+00 9.242731928825378418e-01
1.424002885818481445e+00 9.249767065048217773e-01
1.390285491943359375e+00 9.291306138038635254e-01
1.390954017639160156e+00 9.290836453437805176e-01
1.391043424606323242e+00 9.286161065101623535e-01
1.391471147537231445e+00 9.593250155448913574e-01
1.390954971313476562e+00 9.593273401260375977e-01
1.389121532440185547e+00 9.507891535758972168e-01
1.367211699485778809e+00 8.936222791671752930e-01
1.367871880531311035e+00 8.888068199157714844e-01
1.381474018096923828e+00 8.886689543724060059e-01
1.396209239959716797e+00 8.855833411216735840e-01
1.428592801094055176e+00 8.852223753929138184e-01
1.429412961006164551e+00 8.853039145469665527e-01
1.429102182388305664e+00 8.868756294250488281e-01
1.438627004623413086e+00 8.885744214057922363e-01
1.438222646713256836e+00 8.904932141304016113e-01
1.437365055084228516e+00 9.014595746994018555e-01
1.437520027160644531e+00 9.023519754409790039e-01
1.437642693519592285e+00 9.002077579498291016e-01
1.438810110092163086e+00 8.995639681816101074e-01
1.437211275100708008e+00 8.995732665061950684e-01
1.400569915771484375e+00 9.007615447044372559e-01
1.401155710220336914e+00 9.058621525764465332e-01
1.401253819465637207e+00 9.852899312973022461e-01
1.401842236518859863e+00 9.976772665977478027e-01
1.401362299919128418e+00 9.964583516120910645e-01
1.401576399803161621e+00 1.001037001609802246e+00
1.378510236740112305e+00 1.000420808792114258e+00
1.378550767898559570e+00 9.994038343429565430e-01
1.380010843276977539e+00 9.995197653770446777e-01
1.398140192031860352e+00 9.999633431434631348e-01
1.420575976371765137e+00 1.000117897987365723e+00
1.421483755111694336e+00 1.001871228218078613e+00
1.421424269676208496e+00 1.003431916236877441e+00
1.430870532989501953e+00 1.005421519279479980e+00
1.430763363838195801e+00 1.010334134101867676e+00
1.429880857467651367e+00 1.009415030479431152e+00
1.429969191551208496e+00 1.009332656860351562e+00
1.430167794227600098e+00 1.008459687232971191e+00
1.431258440017700195e+00 1.008427977561950684e+00
1.428334236145019531e+00 1.009138107299804688e+00
1.397389769554138184e+00 1.011906862258911133e+00
1.398045659065246582e+00 1.011853814125061035e+00
1.398129701614379883e+00 1.011343121528625488e+00
1.398619294166564941e+00 1.042942285537719727e+00
1.398149371147155762e+00 1.042974948883056641e+00
1.396329402923583984e+00 1.027402162551879883e+00
1.376620173454284668e+00 9.749729633331298828e-01
1.377304911613464355e+00 9.743661284446716309e-01
1.378222227096557617e+00 9.743556976318359375e-01
1.357285857200622559e+00 9.748672246932983398e-01
1.400863647460937500e+00 9.750509262084960938e-01
1.401785969734191895e+00 9.767755270004272461e-01
1.401469707489013672e+00 9.783661961555480957e-01
1.411902666091918945e+00 9.804667234420776367e-01
1.411429166793823242e+00 9.851004481315612793e-01
1.410416007041931152e+00 9.841608405113220215e-01
1.410600900650024414e+00 9.840776324272155762e-01
1.410725831985473633e+00 9.831670522689819336e-01
1.411952376365661621e+00 9.831485748291015625e-01
1.410694599151611328e+00 9.837976098060607910e-01
1.372734904289245605e+00 9.866133332252502441e-01
1.373337864875793457e+00 9.865627884864807129e-01
1.373441815376281738e+00 9.861288070678710938e-01
1.373873710632324219e+00 1.018883228302001953e+00
1.373378753662109375e+00 1.018828272819519043e+00
1.373491287231445312e+00 1.006874561309814453e+00
1.351349472999572754e+00 9.311870336532592773e-01
1.351394057273864746e+00 9.027799963951110840e-01
1.360821843147277832e+00 9.035721421241760254e-01
1.369931817054748535e+00 9.045265316963195801e-01
1.413857936859130859e+00 9.062485098838806152e-01
1.414837598800659180e+00 9.062104821205139160e-01
1.414616346359252930e+00 9.075708985328674316e-01
1.423600792884826660e+00 9.216384291648864746e-01
1.423851609230041504e+00 9.245811700820922852e-01
1.423838019371032715e+00 9.236200451850891113e-01
1.423863530158996582e+00 9.235804080963134766e-01
1.423761129379272461e+00 9.243437051773071289e-01
1.424990415573120117e+00 1.157123088836669922e+00
1.423690199851989746e+00 1.348444700241088867e+00
1.340034723281860352e+00 1.389387607574462891e+00
1.339352607727050781e+00 1.398673892021179199e+00
1.339236617088317871e+00 1.404398918151855469e+00
1.338725924491882324e+00 1.406064629554748535e+00
1.338085174560546875e+00 1.418695569038391113e+00
1.338301181793212891e+00 1.416806459426879883e+00
1.315951704978942871e+00 1.415670990943908691e+00
1.316163659095764160e+00 1.415721535682678223e+00
1.317671060562133789e+00 1.415926218032836914e+00
1.283764600753784180e+00 1.417170763015747070e+00
1.286428689956665039e+00 1.419701933860778809e+00
1.223077297210693359e+00 1.430097341537475586e+00
1.109472990036010742e+00 1.429087996482849121e+00
1.038517475128173828e+00 1.429121732711791992e+00
9.645621776580810547e-01 1.429290533065795898e+00
8.948388695716857910e-01 1.429505109786987305e+00
7.784119248390197754e-01 1.430272579193115234e+00
5.043078660964965820e-01 1.423746585845947266e+00
3.321585953235626221e-01 1.421754360198974609e+00
3.125772178173065186e-01 1.421428918838500977e+00
3.074411153793334961e-01 1.447747945785522461e+00
3.088938593864440918e-01 1.447203040122985840e+00
3.090546727180480957e-01 1.429003357887268066e+00
3.078933954238891602e-01 1.418750643730163574e+00
3.079057931900024414e-01 1.384920477867126465e+00
3.142283558845520020e-01 1.382968425750732422e+00
3.263440728187561035e-01 1.401574492454528809e+00
3.263098597526550293e-01 1.401166558265686035e+00
3.264782428741455078e-01 1.400990605354309082e+00
3.257504105567932129e-01 1.401596784591674805e+00
3.257396221160888672e-01 1.401590943336486816e+00
3.251461386680603027e-01 1.403462171554565430e+00
3.258751630783081055e-01 1.399983406066894531e+00
3.259347677230834961e-01 1.400985240936279297e+00
3.274161815643310547e-01 1.399449586868286133e+00
3.516256809234619141e-01 1.399720191955566406e+00
3.523440957069396973e-01 1.399972438812255859e+00
3.583046495914459229e-01 1.400319218635559082e+00
3.462284207344055176e-01 1.401103973388671875e+00
3.013737201690673828e-01 1.391350030899047852e+00
3.035947680473327637e-01 1.409219264984130859e+00
3.047663569450378418e-01 1.415092468261718750e+00
3.049148917198181152e-01 1.426744222640991211e+00
3.037120401859283447e-01 1.431066989898681641e+00
3.039130270481109619e-01 1.431008577346801758e+00
3.026740550994873047e-01 1.449545860290527344e+00
3.205834925174713135e-01 1.449691534042358398e+00
3.208040297031402588e-01 1.448887705802917480e+00
3.209753930568695068e-01 1.450380802154541016e+00
3.202024102210998535e-01 1.450268626213073730e+00
3.201603293418884277e-01 1.453009366989135742e+00
3.193830847740173340e-01 1.449372649192810059e+00
3.192524909973144531e-01 1.451336979866027832e+00
3.192994892597198486e-01 1.449354887008666992e+00
3.207091689109802246e-01 1.449387192726135254e+00
3.417788445949554443e-01 1.449932098388671875e+00
3.425283432006835938e-01 1.450664639472961426e+00
3.471207916736602783e-01 1.450823307037353516e+00
3.399003148078918457e-01 1.442080616950988770e+00
2.981380820274353027e-01 1.441825389862060547e+00
3.004343807697296143e-01 1.448519706726074219e+00
3.018889427185058594e-01 1.469403028488159180e+00
3.020371198654174805e-01 1.469227075576782227e+00
3.006823062896728516e-01 1.390510439872741699e+00
3.008329868316650391e-01 1.383809089660644531e+00
2.994301319122314453e-01 1.381842732429504395e+00
3.161015510559082031e-01 1.380940079689025879e+00
3.161067068576812744e-01 1.380944848060607910e+00
3.162742257118225098e-01 1.382629513740539551e+00
3.156049251556396484e-01 1.385783314704895020e+00
3.155665993690490723e-01 1.387397408485412598e+00
3.149344921112060547e-01 1.389244675636291504e+00
3.171208202838897705e-01 1.388298392295837402e+00
3.171570301055908203e-01 1.388369560241699219e+00
3.185474872589111328e-01 1.388947248458862305e+00
3.386533856391906738e-01 1.389083504676818848e+00
3.393676280975341797e-01 1.389322638511657715e+00
3.449595272541046143e-01 1.382047176361083984e+00
3.337927460670471191e-01 1.381978273391723633e+00
3.062925338745117188e-01 1.382278919219970703e+00
3.049740791320800781e-01 1.407816886901855469e+00
3.064622879028320312e-01 1.407318830490112305e+00
3.066129684448242188e-01 1.408861160278320312e+00
3.053683638572692871e-01 1.410374879837036133e+00
3.054633736610412598e-01 1.425087928771972656e+00
3.076244592666625977e-01 1.423107385635375977e+00
3.223203420639038086e-01 1.422080755233764648e+00
3.222839236259460449e-01 1.422011494636535645e+00
3.224521279335021973e-01 1.423664450645446777e+00
3.215823173522949219e-01 1.426878571510314941e+00
3.215666413307189941e-01 1.428588271141052246e+00
3.208521008491516113e-01 1.431571722030639648e+00
3.326792716979980469e-01 1.430496811866760254e+00
3.604617118835449219e-01 1.430535197257995605e+00
3.644979000091552734e-01 1.430975317955017090e+00
3.702045083045959473e-01 1.431119322776794434e+00
3.741083145141601562e-01 1.431346774101257324e+00
3.725194931030273438e-01 1.423150062561035156e+00
3.724704384803771973e-01 1.423079848289489746e+00
3.644226789474487305e-01 1.422721385955810547e+00
3.664951324462890625e-01 1.449301838874816895e+00
3.670748472213745117e-01 1.448850750923156738e+00
3.656714558601379395e-01 1.408030152320861816e+00
3.654524087905883789e-01 1.400822758674621582e+00
3.650439083576202393e-01 1.416142821311950684e+00
3.781767487525939941e-01 1.417486071586608887e+00
3.774691522121429443e-01 1.417582988739013672e+00
3.786427378654479980e-01 1.416809201240539551e+00
3.780283927917480469e-01 1.418339490890502930e+00
3.780050873756408691e-01 1.418243050575256348e+00
3.766491115093231201e-01 1.421011805534362793e+00
3.729854822158813477e-01 1.420489072799682617e+00
3.767367601394653320e-01 1.419493913650512695e+00
3.782514929771423340e-01 1.419484138488769531e+00
3.774624466896057129e-01 1.419691681861877441e+00
4.024647176265716553e-01 1.419842958450317383e+00
4.120395481586456299e-01 1.420083522796630859e+00
4.237142801284790039e-01 1.418610811233520508e+00
3.208427429199218750e-01 1.412181615829467773e+00
2.983428239822387695e-01 1.411883234977722168e+00
3.007006049156188965e-01 1.437827587127685547e+00
3.019850254058837891e-01 1.437370538711547852e+00
3.021380305290222168e-01 1.432384967803955078e+00
3.009307980537414551e-01 1.385314583778381348e+00
3.010240197181701660e-01 1.393556118011474609e+00
2.992941141128540039e-01 1.400722146034240723e+00
3.167123198509216309e-01 1.400657773017883301e+00
3.169007301330566406e-01 1.399753451347351074e+00
3.170774579048156738e-01 1.401288270950317383e+00
3.164013028144836426e-01 1.401206374168395996e+00
3.163956999778747559e-01 1.403938889503479004e+00
3.157952725887298584e-01 1.402743577957153320e+00
3.180954754352569580e-01 1.402940511703491211e+00
3.181425333023071289e-01 1.401028871536254883e+00
3.194280266761779785e-01 1.401288390159606934e+00
3.356315493583679199e-01 1.401539087295532227e+00
3.363754749298095703e-01 1.402416944503784180e+00
3.418106436729431152e-01 1.402278423309326172e+00
3.300048112869262695e-01 1.392110109329223633e+00
3.049853146076202393e-01 1.391893267631530762e+00
3.058291077613830566e-01 1.418856263160705566e+00
3.071459531784057617e-01 1.418425321578979492e+00
3.073045909404754639e-01 1.417393922805786133e+00
3.061226010322570801e-01 1.359476327896118164e+00
3.062841892242431641e-01 1.368448615074157715e+00
3.048315048217773438e-01 1.372889995574951172e+00
3.244600296020507812e-01 1.372656106948852539e+00
3.241838216781616211e-01 1.371761560440063477e+00
3.243516683578491211e-01 1.373322844505310059e+00
3.238236606121063232e-01 1.373244285583496094e+00
3.237490057945251465e-01 1.376113533973693848e+00
3.230037987232208252e-01 1.374789357185363770e+00
3.254421353340148926e-01 1.374914169311523438e+00
3.254777193069458008e-01 1.372983098030090332e+00
3.267961740493774414e-01 1.373269438743591309e+00
3.496244847774505615e-01 1.373435974121093750e+00
3.503523468971252441e-01 1.374399304389953613e+00
3.556688725948333740e-01 1.374071717262268066e+00
3.454309701919555664e-01 1.365700125694274902e+00
3.191260993480682373e-01 1.381562590599060059e+00
3.100446760654449463e-01 1.405345201492309570e+00
3.111633956432342529e-01 1.416899442672729492e+00
3.114694058895111084e-01 1.421945810317993164e+00
3.101949691772460938e-01 1.423268198966979980e+00
3.103789687156677246e-01 1.437746524810791016e+00
3.096477389335632324e-01 1.435860633850097656e+00
3.239919543266296387e-01 1.434908151626586914e+00
3.240212500095367432e-01 1.434846401214599609e+00
3.242267370223999023e-01 1.436527252197265625e+00
3.234004080295562744e-01 1.439613699913024902e+00
3.234639763832092285e-01 1.441073179244995117e+00
3.224213123321533203e-01 1.442967534065246582e+00
3.224741518497467041e-01 1.441820263862609863e+00
3.225238919258117676e-01 1.441886067390441895e+00
3.239284753799438477e-01 1.442278146743774414e+00
3.410754203796386719e-01 1.442405223846435547e+00
3.418436646461486816e-01 1.442670226097106934e+00
3.462212085723876953e-01 1.434348464012145996e+00
3.334707021713256836e-01 1.434279561042785645e+00
2.988229393959045410e-01 1.434018254280090332e+00
2.944370210170745850e-01 1.461872935295104980e+00
2.957605719566345215e-01 1.461417913436889648e+00
2.959157824516296387e-01 1.426555752754211426e+00
2.947309613227844238e-01 1.426719427108764648e+00
2.947925925254821777e-01 1.397836565971374512e+00
2.932242751121520996e-01 1.396016120910644531e+00
3.118525147438049316e-01 1.395135283470153809e+00
3.120043575763702393e-01 1.395070552825927734e+00
3.121910095214843750e-01 1.396751165390014648e+00
3.114763796329498291e-01 1.399980187416076660e+00
3.114278316497802734e-01 1.401477813720703125e+00
3.107523322105407715e-01 1.402740359306335449e+00
3.129205107688903809e-01 1.401638746261596680e+00
3.129653334617614746e-01 1.401685595512390137e+00
3.143720626831054688e-01 1.401413679122924805e+00
3.392924070358276367e-01 1.401484966278076172e+00
3.400591015815734863e-01 1.401750087738037109e+00
3.428115844726562500e-01 1.395358204841613770e+00
3.335733413696289062e-01 1.395244479179382324e+00
2.386916726827621460e-01 1.394949913024902344e+00
2.448647022247314453e-01 1.421966671943664551e+00
2.469411939382553101e-01 1.421492695808410645e+00
2.470215857028961182e-01 1.392760515213012695e+00
2.468985319137573242e-01 1.387733936309814453e+00
2.469064444303512573e-01 1.323940634727478027e+00
2.454574108123779297e-01 1.174401283264160156e+00
2.324662208557128906e-01 1.175635099411010742e+00
2.312364578247070312e-01 1.175993561744689941e+00
2.312929630279541016e-01 1.182423830032348633e+00
2.316490113735198975e-01 1.183205485343933105e+00
2.316145598888397217e-01 1.183429718017578125e+00
2.310823649168014526e-01 1.183575749397277832e+00
2.451778054237365723e-01 1.184179067611694336e+00
2.741724848747253418e-01 1.186363935470581055e+00
2.862692475318908691e-01 1.186027288436889648e+00
2.823184728622436523e-01 1.187002539634704590e+00
2.520943284034729004e-01 1.189232945442199707e+00
2.563382387161254883e-01 1.189028978347778320e+00
2.441908866167068481e-01 1.187511920928955078e+00
2.062831670045852661e-01 1.187684893608093262e+00
2.120199352502822876e-01 1.187434792518615723e+00
2.143496721982955933e-01 1.202115774154663086e+00
2.143149524927139282e-01 1.207714080810546875e+00
2.142217904329299927e-01 1.220197439193725586e+00
2.161374986171722412e-01 1.230623960494995117e+00
2.200215607881546021e-01 1.231299757957458496e+00
1.927033066749572754e-01 1.230184793472290039e+00
1.915124207735061646e-01 1.230738162994384766e+00
1.915951669216156006e-01 1.239981412887573242e+00
1.916506439447402954e-01 1.243968963623046875e+00
1.910236775875091553e-01 1.241924881935119629e+00
1.893058270215988159e-01 1.242081642150878906e+00
2.295975983142852783e-01 1.242300033569335938e+00
2.678308486938476562e-01 1.242791295051574707e+00
2.780922949314117432e-01 1.245087981224060059e+00
2.751746773719787598e-01 1.246105432510375977e+00
2.384527623653411865e-01 1.252150535583496094e+00
2.490352392196655273e-01 1.251796483993530273e+00
2.315279543399810791e-01 1.252133250236511230e+00
2.002895325422286987e-01 1.250882506370544434e+00
2.067450284957885742e-01 1.251117825508117676e+00
2.091011703014373779e-01 1.256338000297546387e+00
2.089985013008117676e-01 1.270069241523742676e+00
2.089007198810577393e-01 1.279225468635559082e+00
2.106891572475433350e-01 1.399953246116638184e+00
2.139228582382202148e-01 1.401635646820068359e+00
1.890843808650970459e-01 1.404557943344116211e+00
1.880000829696655273e-01 1.404733419418334961e+00
1.880899369716644287e-01 1.404797077178955078e+00
1.881565451622009277e-01 1.418283820152282715e+00
1.875242739915847778e-01 1.418787837028503418e+00
1.858156025409698486e-01 1.419027328491210938e+00
2.226473838090896606e-01 1.419440031051635742e+00
2.644412219524383545e-01 1.419364690780639648e+00
2.708545327186584473e-01 1.421334862709045410e+00
2.722539305686950684e-01 1.424315810203552246e+00
2.410402745008468628e-01 1.427052259445190430e+00
2.468374371528625488e-01 1.425135612487792969e+00
2.339406311511993408e-01 1.423601508140563965e+00
1.982614099979400635e-01 1.423584699630737305e+00
2.047580927610397339e-01 1.425056934356689453e+00
2.072084993124008179e-01 1.428031444549560547e+00
2.071146965026855469e-01 1.434927701950073242e+00
2.070387899875640869e-01 1.434540987014770508e+00
2.087884992361068726e-01 1.438178777694702148e+00
2.100295126438140869e-01 1.445344090461730957e+00
1.915868967771530151e-01 1.398361325263977051e+00
1.904831528663635254e-01 1.300443053245544434e+00
1.905679404735565186e-01 1.200431466102600098e+00
1.907274425029754639e-01 1.202070474624633789e+00
1.900928020477294922e-01 1.202279806137084961e+00
1.882845908403396606e-01 1.202761769294738770e+00
2.398313879966735840e-01 1.203256011009216309e+00
2.754063606262207031e-01 1.203306555747985840e+00
2.880407273769378662e-01 1.205798029899597168e+00
2.854644060134887695e-01 1.206937074661254883e+00
2.404438108205795288e-01 1.212563872337341309e+00
2.473137974739074707e-01 1.210713267326354980e+00
2.401515543460845947e-01 1.210831761360168457e+00
2.113727629184722900e-01 1.209335803985595703e+00
2.178059965372085571e-01 1.210827589035034180e+00
2.198563069105148315e-01 1.219559192657470703e+00
2.197501361370086670e-01 1.227276802062988281e+00
2.196631282567977905e-01 1.246452689170837402e+00
2.214380651712417603e-01 1.320164680480957031e+00
2.241334617137908936e-01 1.321820855140686035e+00
2.021969407796859741e-01 1.323361158370971680e+00
2.010451704263687134e-01 1.323633670806884766e+00
2.011328190565109253e-01 1.323703765869140625e+00
2.012660652399063110e-01 1.336338400840759277e+00
2.006859332323074341e-01 1.336905956268310547e+00
1.990102231502532959e-01 1.337144017219543457e+00
2.323704361915588379e-01 1.337513208389282227e+00
2.805585861206054688e-01 1.337453842163085938e+00
2.916285395622253418e-01 1.339338183403015137e+00
2.884179353713989258e-01 1.347355961799621582e+00
2.847728133201599121e-01 1.346471905708312988e+00
2.829253673553466797e-01 1.346659302711486816e+00
2.798209190368652344e-01 1.644225478172302246e+00
2.701494097709655762e-01 1.821098208427429199e+00
2.721854150295257568e-01 1.835382938385009766e+00
2.733323574066162109e-01 1.854020476341247559e+00
2.733215689659118652e-01 1.860734820365905762e+00
2.715527415275573730e-01 1.863605976104736328e+00
2.733745276927947998e-01 1.863724708557128906e+00
2.746053934097290039e-01 1.860252737998962402e+00
2.309029847383499146e-01 1.859468936920166016e+00
2.298610359430313110e-01 1.943147301673889160e+00
2.298860102891921997e-01 1.942446231842041016e+00
2.296685278415679932e-01 1.957744598388671875e+00
2.290842086076736450e-01 1.957791328430175781e+00
3.145528435707092285e-01 1.957834005355834961e+00
4.399317502975463867e-01 1.988179206848144531e+00
4.647652208805084229e-01 1.987136721611022949e+00
4.637844562530517578e-01 1.987247109413146973e+00
4.578012526035308838e-01 1.986112117767333984e+00
4.567421674728393555e-01 1.986088514328002930e+00
4.547615051269531250e-01 1.987941741943359375e+00
4.438851773738861084e-01 1.993502855300903320e+00
4.464540183544158936e-01 1.990267992019653320e+00
4.478130638599395752e-01 1.988782644271850586e+00
4.466472864151000977e-01 1.990910053253173828e+00
4.465587139129638672e-01 1.991479277610778809e+00
4.454169869422912598e-01 1.993720889091491699e+00
4.434259235858917236e-01 1.995169043540954590e+00
4.164221882820129395e-01 1.980927348136901855e+00
4.150554537773132324e-01 1.982259035110473633e+00
4.149402081966400146e-01 2.010852098464965820e+00
4.121657609939575195e-01 2.022609710693359375e+00
4.079906940460205078e-01 2.038926362991333008e+00
4.087838530540466309e-01 2.041954994201660156e+00
4.254874885082244873e-01 2.041412830352783203e+00
4.565365314483642578e-01 2.074526071548461914e+00
4.796428084373474121e-01 2.073587179183959961e+00
4.790593981742858887e-01 2.072795867919921875e+00
4.775914251804351807e-01 2.072739839553833008e+00
4.766288399696350098e-01 2.072626352310180664e+00
4.746746420860290527e-01 2.074082851409912109e+00
4.631114602088928223e-01 2.076025962829589844e+00
4.657738208770751953e-01 2.082722187042236328e+00
4.667722284793853760e-01 2.082115650177001953e+00
4.655622243881225586e-01 2.082263946533203125e+00
4.654785394668579102e-01 2.084746837615966797e+00
4.645037651062011719e-01 2.085205793380737305e+00
4.626213908195495605e-01 2.087440729141235352e+00
4.300057888031005859e-01 2.076042890548706055e+00
4.286926984786987305e-01 2.075977802276611328e+00
4.285784363746643066e-01 2.077378034591674805e+00
4.260363578796386719e-01 2.090237855911254883e+00
4.216650724411010742e-01 2.091771125793457031e+00
4.223108291625976562e-01 2.018494367599487305e+00
4.406701922416687012e-01 2.013426542282104492e+00
4.521152675151824951e-01 2.044993638992309570e+00
4.697463512420654297e-01 2.044561624526977539e+00
4.695352017879486084e-01 2.043892621994018555e+00
4.692037999629974365e-01 2.043781518936157227e+00
4.665649533271789551e-01 2.043674230575561523e+00
4.665460288524627686e-01 2.045197486877441406e+00
4.546524584293365479e-01 2.050594806671142578e+00
4.579181075096130371e-01 2.047230958938598633e+00
4.587306380271911621e-01 2.045656919479370117e+00
4.572139978408813477e-01 2.047402858734130859e+00
4.570665359497070312e-01 2.048440217971801758e+00
4.559828042984008789e-01 2.050728559494018555e+00
4.461762309074401855e-01 2.051926851272583008e+00
4.275754690170288086e-01 2.037834644317626953e+00
4.259573519229888916e-01 2.039100646972656250e+00
4.240102171897888184e-01 2.040617465972900391e+00
4.229303598403930664e-01 2.052515029907226562e+00
4.186416864395141602e-01 2.052394866943359375e+00
4.410420656204223633e-01 2.021454095840454102e+00
4.440566897392272949e-01 2.021381139755249023e+00
4.470225572586059570e-01 2.053062438964843750e+00
4.601997733116149902e-01 2.052921772003173828e+00
4.598963856697082520e-01 2.051826000213623047e+00
4.613344669342041016e-01 2.051859378814697266e+00
4.589949846267700195e-01 2.051763057708740234e+00
4.586987197399139404e-01 2.053021907806396484e+00
4.467653930187225342e-01 2.059189319610595703e+00
4.495361447334289551e-01 2.057143449783325195e+00
4.510313272476196289e-01 2.055655717849731445e+00
4.495787024497985840e-01 2.055680751800537109e+00
4.495674371719360352e-01 2.058421611785888672e+00
4.484547972679138184e-01 2.060763835906982422e+00
4.363523423671722412e-01 2.061250686645507812e+00
4.215210378170013428e-01 2.047501325607299805e+00
4.198449850082397461e-01 2.048926115036010742e+00
4.197156429290771484e-01 2.059927701950073242e+00
4.169587492942810059e-01 2.076902866363525391e+00
4.131336808204650879e-01 2.094958782196044922e+00
4.119391143321990967e-01 2.098275899887084961e+00
4.353372156620025635e-01 2.097965478897094727e+00
4.379843175411224365e-01 2.131880044937133789e+00
4.477163851261138916e-01 2.130803585052490234e+00
4.477699995040893555e-01 2.129528999328613281e+00
4.538463950157165527e-01 2.129548072814941406e+00
4.535417854785919189e-01 2.130098342895507812e+00
6.526178121566772461e-01 2.131592273712158203e+00
8.825851082801818848e-01 2.133487462997436523e+00
9.950838088989257812e-01 2.115097999572753906e+00
1.055246710777282715e+00 2.112775325775146484e+00
1.285916447639465332e+00 2.112591028213500977e+00
1.423028111457824707e+00 2.114078521728515625e+00
1.472913265228271484e+00 2.114260673522949219e+00
1.556672692298889160e+00 2.116466760635375977e+00
1.563968420028686523e+00 2.104689836502075195e+00
1.566354990005493164e+00 2.104662656784057617e+00
1.568718433380126953e+00 2.106202125549316406e+00
1.577827930450439453e+00 2.116511821746826172e+00
1.576702594757080078e+00 2.118017435073852539e+00
1.574957132339477539e+00 2.041154384613037109e+00
1.574034810066223145e+00 1.882708311080932617e+00
1.574098944664001465e+00 1.479660749435424805e+00
1.573762655258178711e+00 8.437687158584594727e-01
1.583170890808105469e+00 3.990435004234313965e-01
1.583453655242919922e+00 1.833658516407012939e-01
1.584188818931579590e+00 1.723051071166992188e-03
1.584470272064208984e+00 -2.413884699344635010e-01
1.584641337394714355e+00 -2.647792994976043701e-01
1.584132432937622070e+00 -2.653329968452453613e-01
1.583093404769897461e+00 -1.936883330345153809e-01
1.536224246025085449e+00 -2.663068175315856934e-01
1.537567853927612305e+00 -2.663044035434722900e-01
1.539471507072448730e+00 -2.650777995586395264e-01
1.502905130386352539e+00 -2.227976620197296143e-01
1.497862577438354492e+00 -2.181006669998168945e-01
1.498744010925292969e+00 -2.202072143554687500e-01
1.498907327651977539e+00 -2.200247347354888916e-01
1.507234692573547363e+00 -2.177765667438507080e-01
1.506095528602600098e+00 -2.161805927753448486e-01
1.504413127899169922e+00 -2.133356928825378418e-01
1.504854679107666016e+00 -1.779852211475372314e-01
1.505176067352294922e+00 -1.782851666212081909e-01
1.506151914596557617e+00 -1.778875291347503662e-01
1.501783967018127441e+00 -1.325345039367675781e-01
1.501456022262573242e+00 -1.289365291595458984e-01
1.502099037170410156e+00 -3.592900931835174561e-02
1.502138376235961914e+00 -3.734505176544189453e-02
1.502457380294799805e+00 -2.592149376869201660e-01
1.501889228820800781e+00 -2.739302515983581543e-01
1.500925421714782715e+00 -1.801238656044006348e-01
1.454271793365478516e+00 -2.444012165069580078e-01
1.454003572463989258e+00 -2.916261553764343262e-01
1.462548136711120605e+00 -2.902748584747314453e-01
1.504024505615234375e+00 -2.487056553363800049e-01
1.551032423973083496e+00 -2.442254126071929932e-01
1.551532626152038574e+00 -2.464730888605117798e-01
1.553447365760803223e+00 -2.462995052337646484e-01
1.562698364257812500e+00 -2.442072927951812744e-01
1.560624837875366211e+00 -2.426527440547943115e-01
1.559085249900817871e+00 -2.397477328777313232e-01
1.559392690658569336e+00 -2.036929428577423096e-01
1.559526324272155762e+00 -2.047948837280273438e-01
1.560713291168212891e+00 -2.037622928619384766e-01
1.558400988578796387e+00 -1.555682718753814697e-01
1.554679393768310547e+00 -1.523420661687850952e-01
1.555299162864685059e+00 -5.995767563581466675e-02
1.555404663085937500e+00 -1.321155428886413574e-01
1.555853962898254395e+00 -2.673913538455963135e-01
1.555208802223205566e+00 -2.774619460105895996e-01
1.556277036666870117e+00 -2.163098007440567017e-01
1.526645183563232422e+00 -2.786425948143005371e-01
1.502424478530883789e+00 -2.786549031734466553e-01
1.504207372665405273e+00 -2.774266004562377930e-01
1.498061895370483398e+00 -2.358296215534210205e-01
1.537399530410766602e+00 -2.311189472675323486e-01
1.539141058921813965e+00 -2.332495898008346558e-01
1.540985822677612305e+00 -2.330881357192993164e-01
1.549697995185852051e+00 -2.307060360908508301e-01
1.548816680908203125e+00 -2.292347550392150879e-01
1.547145247459411621e+00 -2.264538705348968506e-01
1.547049403190612793e+00 -1.902531087398529053e-01
1.547330617904663086e+00 -1.913696676492691040e-01
1.548529863357543945e+00 -1.900627017021179199e-01
1.545215964317321777e+00 -1.397663801908493042e-01
1.546520352363586426e+00 -1.365627646446228027e-01
1.546333074569702148e+00 -4.945053905248641968e-02
1.546402096748352051e+00 -1.404388248920440674e-01
1.546713352203369141e+00 -1.972924470901489258e-01
1.546732187271118164e+00 -1.567479223012924194e-01
1.547003865242004395e+00 -9.870669245719909668e-02
1.533763885498046875e+00 -2.476589679718017578e-01
1.491285681724548340e+00 -2.769086956977844238e-01
1.492699384689331055e+00 -2.756538391113281250e-01
1.532654523849487305e+00 -2.338852882385253906e-01
1.596639752388000488e+00 -2.293009757995605469e-01
1.604459404945373535e+00 -2.315997928380966187e-01
1.606788992881774902e+00 -2.314454913139343262e-01
1.606857061386108398e+00 -2.293290495872497559e-01
1.613326191902160645e+00 -2.278697490692138672e-01
1.610796451568603516e+00 -2.250317931175231934e-01
1.610636830329895020e+00 -1.898283362388610840e-01
1.610669851303100586e+00 -1.910460889339447021e-01
1.611032605171203613e+00 -1.843898743391036987e-01
1.610220789909362793e+00 9.430987387895584106e-02
1.586187958717346191e+00 3.241205215454101562e-01
1.586188793182373047e+00 5.372928977012634277e-01
1.586057424545288086e+00 1.000867724418640137e+00
1.585508465766906738e+00 1.171466350555419922e+00
1.585386037826538086e+00 1.302017092704772949e+00
1.584723114967346191e+00 1.336802840232849121e+00
1.581385731697082520e+00 1.341360092163085938e+00
1.521367311477661133e+00 1.352624058723449707e+00
1.522418737411499023e+00 1.355900526046752930e+00
1.523263454437255859e+00 1.355853915214538574e+00
1.488819003105163574e+00 1.370738506317138672e+00
1.431457519531250000e+00 1.370618939399719238e+00
1.336458325386047363e+00 1.369837284088134766e+00
1.174117803573608398e+00 1.371278047561645508e+00
1.041899323463439941e+00 1.371174335479736328e+00
8.813313841819763184e-01 1.372232079505920410e+00
7.591716051101684570e-01 1.383777141571044922e+00
6.990933418273925781e-01 1.386033654212951660e+00
6.515444517135620117e-01 1.384021639823913574e+00
6.514002084732055664e-01 1.384131431579589844e+00
6.219330430030822754e-01 1.385089278221130371e+00
5.357921123504638672e-01 1.386678218841552734e+00
4.075228571891784668e-01 1.387303709983825684e+00
3.818325996398925781e-01 1.382256269454956055e+00
3.716345131397247314e-01 1.378679633140563965e+00
3.619380593299865723e-01 1.388540387153625488e+00
3.637973070144653320e-01 1.405775785446166992e+00
3.652070164680480957e-01 1.405888319015502930e+00
3.641633987426757812e-01 1.397275447845458984e+00
3.641679883003234863e-01 1.388983368873596191e+00
3.642262816429138184e-01 1.406375169754028320e+00
3.790068626403808594e-01 1.406371593475341797e+00
3.786404430866241455e-01 1.405524849891662598e+00
3.798376321792602539e-01 1.406997919082641602e+00
3.800302743911743164e-01 1.406939387321472168e+00
3.793724179267883301e-01 1.409629464149475098e+00
3.780560791492462158e-01 1.407015085220336914e+00
3.779919445514678955e-01 1.408656835556030273e+00
3.785750269889831543e-01 1.406673073768615723e+00
3.800323009490966797e-01 1.406696081161499023e+00
3.800698518753051758e-01 1.407150864601135254e+00
3.965312242507934570e-01 1.407885789871215820e+00
3.972761034965515137e-01 1.408070564270019531e+00
3.818421959877014160e-01 1.399381160736083984e+00
3.072799444198608398e-01 1.398947596549987793e+00
3.095563650131225586e-01 1.407156586647033691e+00
3.109520673751831055e-01 1.425660967826843262e+00
3.106976449489593506e-01 1.427845001220703125e+00
3.097071051597595215e-01 1.432851791381835938e+00
3.098135590553283691e-01 1.432788968086242676e+00
3.172797560691833496e-01 1.450598120689392090e+00
3.235783874988555908e-01 1.450690865516662598e+00
3.237019181251525879e-01 1.449857592582702637e+00
3.238545954227447510e-01 1.451328039169311523e+00
3.230539560317993164e-01 1.451239705085754395e+00
3.230526447296142578e-01 1.453939676284790039e+00
3.223247826099395752e-01 1.450255393981933594e+00
3.238456249237060547e-01 1.452340960502624512e+00
3.240009546279907227e-01 1.450366616249084473e+00
3.251748085021972656e-01 1.450407505035400391e+00
3.458457589149475098e-01 1.450830817222595215e+00
3.497473597526550293e-01 1.451539278030395508e+00
3.603351712226867676e-01 1.451609849929809570e+00
3.379579782485961914e-01 1.441000461578369141e+00
3.022196888923645020e-01 1.440746188163757324e+00
3.048176765441894531e-01 1.442597270011901855e+00
3.064461350440979004e-01 1.466984629631042480e+00
3.066130280494689941e-01 1.466856122016906738e+00
3.053560256958007812e-01 1.398764610290527344e+00
3.054198026657104492e-01 1.413549900054931641e+00
3.092122972011566162e-01 1.411598324775695801e+00
3.194042444229125977e-01 1.415571689605712891e+00
3.193002045154571533e-01 1.414672613143920898e+00
3.194823265075683594e-01 1.414863586425781250e+00
3.188297152519226074e-01 1.415591239929199219e+00
3.188248872756958008e-01 1.417123913764953613e+00
3.182626962661743164e-01 1.417917370796203613e+00
3.203397095203399658e-01 1.416860222816467285e+00
3.231422007083892822e-01 1.416913151741027832e+00
3.246321082115173340e-01 1.417445659637451172e+00
3.422730565071105957e-01 1.417595744132995605e+00
3.429938256740570068e-01 1.417573213577270508e+00
3.538036346435546875e-01 1.409625411033630371e+00
3.368360400199890137e-01 1.409551262855529785e+00
3.262051343917846680e-01 1.409251332283020020e+00
3.190228343009948730e-01 1.435958743095397949e+00
3.203047513961791992e-01 1.435420155525207520e+00
3.203911781311035156e-01 1.423556089401245117e+00
3.193275928497314453e-01 1.422161579132080078e+00
3.194661140441894531e-01 1.365365505218505859e+00
3.220289945602416992e-01 1.363546729087829590e+00
3.381924629211425781e-01 1.362489223480224609e+00
3.381260037422180176e-01 1.362417459487915039e+00
3.383241593837738037e-01 1.364085793495178223e+00
3.376238644123077393e-01 1.367338061332702637e+00
3.377271890640258789e-01 1.369155645370483398e+00
3.369523286819458008e-01 1.369833350181579590e+00
3.390787541866302490e-01 1.368779778480529785e+00
3.391276597976684570e-01 1.368810892105102539e+00
3.558081388473510742e-01 1.368929386138916016e+00
3.623112440109252930e-01 1.369006872177124023e+00
4.140201807022094727e-01 1.369139432907104492e+00
6.169759035110473633e-01 1.361492633819580078e+00
8.872413039207458496e-01 1.361487746238708496e+00
1.028785824775695801e+00 1.361280083656311035e+00
1.179742574691772461e+00 1.388751983642578125e+00
1.328794360160827637e+00 1.388125658035278320e+00
1.415997505187988281e+00 1.353821158409118652e+00
1.493629574775695801e+00 1.287744045257568359e+00
1.539436817169189453e+00 1.192964673042297363e+00
1.593024253845214844e+00 1.040650844573974609e+00
1.593665480613708496e+00 9.707615971565246582e-01
1.595929265022277832e+00 6.880235671997070312e-01
1.607702970504760742e+00 3.481310307979583740e-01
1.605774283409118652e+00 3.481076061725616455e-01
1.604126095771789551e+00 3.478557467460632324e-01
1.604187488555908203e+00 3.483388721942901611e-01
1.604204297065734863e+00 3.733761310577392578e-01
1.606044888496398926e+00 3.813846707344055176e-01
1.607863545417785645e+00 3.999730944633483887e-01
1.610309362411499023e+00 2.914792001247406006e-01
1.610813617706298828e+00 2.051956653594970703e-01
1.610919952392578125e+00 8.842103928327560425e-02
1.611128807067871094e+00 -2.785067558288574219e-01
1.610614776611328125e+00 -2.787238955497741699e-01
1.611567020416259766e+00 -2.534953057765960693e-01
1.594588041305541992e+00 -2.675338685512542725e-01
1.556359171867370605e+00 -2.797345817089080811e-01
1.558166027069091797e+00 -2.785133421421051025e-01
1.575998306274414062e+00 -2.345189303159713745e-01
1.579727172851562500e+00 -2.298129796981811523e-01
1.582136988639831543e+00 -2.320643961429595947e-01
1.586343526840209961e+00 -2.318728864192962646e-01
1.590818643569946289e+00 -2.295576035976409912e-01
1.589013695716857910e+00 -2.281624376773834229e-01
1.587887763977050781e+00 -2.251957803964614868e-01
1.588477730751037598e+00 -1.899951398372650146e-01
1.589617252349853516e+00 -1.912801861763000488e-01
1.589130997657775879e+00 -1.899527311325073242e-01
1.583790779113769531e+00 -1.444488167762756348e-01
1.583667635917663574e+00 -1.411249041557312012e-01
1.584363460540771484e+00 -4.934702813625335693e-02
1.584848642349243164e+00 -8.407721668481826782e-02
1.584854125976562500e+00 -2.782976627349853516e-01
1.584383726119995117e+00 -2.785754203796386719e-01
1.583287715911865234e+00 -2.436727881431579590e-01
1.536173105239868164e+00 -2.796498835086822510e-01
1.537583947181701660e+00 -2.796543836593627930e-01
1.539559841156005859e+00 -2.784763276576995850e-01
1.533845543861389160e+00 -2.356553673744201660e-01
1.618828773498535156e+00 -2.307359576225280762e-01
1.621328711509704590e+00 -2.329641282558441162e-01
1.623371124267578125e+00 -2.327864617109298706e-01
1.630674600601196289e+00 -2.303999364376068115e-01
1.629751205444335938e+00 -2.289537489414215088e-01
1.628155469894409180e+00 -2.260452806949615479e-01
1.628096699714660645e+00 -1.890676617622375488e-01
1.628297448158264160e+00 -1.780443787574768066e-01
1.629528760910034180e+00 -1.889845132827758789e-01
1.626272439956665039e+00 -1.405568718910217285e-01
1.626940250396728516e+00 -1.375808715820312500e-01
1.626696109771728516e+00 -4.888348281383514404e-02
1.626806139945983887e+00 -8.950133621692657471e-02
1.627220630645751953e+00 -2.727873325347900391e-01
1.627305984497070312e+00 -2.733564972877502441e-01
1.627409934997558594e+00 -1.915471851825714111e-01
1.619010210037231445e+00 -2.456145286560058594e-01
1.569562196731567383e+00 -2.742749750614166260e-01
1.570835351943969727e+00 -2.730695307254791260e-01
1.574024438858032227e+00 -2.297641485929489136e-01
1.576736688613891602e+00 -2.248907387256622314e-01
1.578727841377258301e+00 -2.270922660827636719e-01
1.583168625831604004e+00 -2.269088029861450195e-01
1.586355447769165039e+00 -2.244808077812194824e-01
1.583622455596923828e+00 -2.230605334043502808e-01
1.583505630493164062e+00 -2.199990600347518921e-01
1.584150075912475586e+00 -1.834459602832794189e-01
1.585550546646118164e+00 -1.832756102085113525e-01
1.583844780921936035e+00 -1.834467202425003052e-01
1.582779884338378906e+00 -1.362842321395874023e-01
1.581768274307250977e+00 -1.329789757728576660e-01
1.582547903060913086e+00 -4.299918562173843384e-02
1.583138942718505859e+00 -3.923313319683074951e-02
1.583146333694458008e+00 -2.678024470806121826e-01
1.582605004310607910e+00 -2.752294540405273438e-01
1.578314661979675293e+00 -2.389954626560211182e-01
1.534300088882446289e+00 -2.171325087547302246e-01
1.535685539245605469e+00 -2.806680202484130859e-01
1.537449717521667480e+00 -2.794625461101531982e-01
1.596495151519775391e+00 -2.380014657974243164e-01
1.613420009613037109e+00 -2.330323308706283569e-01
1.615978240966796875e+00 -2.353354692459106445e-01
1.616155743598937988e+00 -2.351649999618530273e-01
1.624499797821044922e+00 -2.330093085765838623e-01
1.623351454734802246e+00 -2.314243167638778687e-01
1.621573448181152344e+00 -2.283411324024200439e-01
1.622024059295654297e+00 -1.919194757938385010e-01
1.622328758239746094e+00 -1.931059956550598145e-01
1.623205661773681641e+00 -1.917178332805633545e-01
1.617463827133178711e+00 -6.865752488374710083e-02
1.613016843795776367e+00 2.825149297714233398e-01
1.613166809082031250e+00 8.278539776802062988e-01
1.613128066062927246e+00 1.241687178611755371e+00
1.612084627151489258e+00 1.575216889381408691e+00
1.611573100090026855e+00 1.768175005912780762e+00
1.610427260398864746e+00 1.787917256355285645e+00
1.563462615013122559e+00 1.806236028671264648e+00
1.560112476348876953e+00 1.813053250312805176e+00
1.560479164123535156e+00 1.815956115722656250e+00
1.525709986686706543e+00 1.813735246658325195e+00
1.523693442344665527e+00 1.809985995292663574e+00
1.443968772888183594e+00 1.809150815010070801e+00
1.341910600662231445e+00 1.946203351020812988e+00
1.210567355155944824e+00 1.947745800018310547e+00
1.145356178283691406e+00 1.957847595214843750e+00
9.432764053344726562e-01 1.961192846298217773e+00
8.147332668304443359e-01 1.961179256439208984e+00
7.393846511840820312e-01 1.990910649299621582e+00
6.823695898056030273e-01 1.990721821784973145e+00
5.764010548591613770e-01 1.989743351936340332e+00
5.339368581771850586e-01 1.989750266075134277e+00
4.745183587074279785e-01 1.989666104316711426e+00
4.726603627204895020e-01 1.990902781486511230e+00
4.613589644432067871e-01 1.993561387062072754e+00
4.637191295623779297e-01 1.991833329200744629e+00
4.649230539798736572e-01 1.990460872650146484e+00
4.637108445167541504e-01 1.990468025207519531e+00
4.636237621307373047e-01 1.992954730987548828e+00
4.625526070594787598e-01 1.995118975639343262e+00
4.604257643222808838e-01 1.995464086532592773e+00
4.365269541740417480e-01 1.981973528861999512e+00
4.353326261043548584e-01 1.983310937881469727e+00
4.352388679981231689e-01 1.983984351158142090e+00
4.324562251567840576e-01 1.997046947479248047e+00
4.280247092247009277e-01 1.996748208999633789e+00
4.287760853767395020e-01 1.929338574409484863e+00
4.457491636276245117e-01 1.911621332168579102e+00
4.832117557525634766e-01 1.941578984260559082e+00
5.148131847381591797e-01 1.940638780593872070e+00
5.182325839996337891e-01 1.939850687980651855e+00
5.177827477455139160e-01 1.939883232116699219e+00
5.164740085601806641e-01 1.939773797988891602e+00
5.155647993087768555e-01 1.941158533096313477e+00
5.093696713447570801e-01 1.946660041809082031e+00
5.105337500572204590e-01 1.945382714271545410e+00
5.106802582740783691e-01 1.943937182426452637e+00
5.094159841537475586e-01 1.944051861763000488e+00
5.084772109985351562e-01 1.946545124053955078e+00
5.062339305877685547e-01 1.948869228363037109e+00
4.772879481315612793e-01 1.948824644088745117e+00
4.768637716770172119e-01 1.936551451683044434e+00
4.758977890014648438e-01 1.936452150344848633e+00
4.729333817958831787e-01 2.052098751068115234e+00
4.728114008903503418e-01 2.093669652938842773e+00
4.703032970428466797e-01 2.112000226974487305e+00
4.837941527366638184e-01 2.115168809890747070e+00
4.837237596511840820e-01 2.114695549011230469e+00
4.867284893989562988e-01 2.149700880050659180e+00
4.899992346763610840e-01 2.148574113845825195e+00
4.826037287712097168e-01 2.147707462310791016e+00
4.737311899662017822e-01 2.147706508636474609e+00
4.643990397453308105e-01 2.147354602813720703e+00
4.624559283256530762e-01 2.148756504058837891e+00
4.510220885276794434e-01 2.150830984115600586e+00
4.537315070629119873e-01 2.158275127410888672e+00
4.550851583480834961e-01 2.157533168792724609e+00
4.539964795112609863e-01 2.157734155654907227e+00
4.538902044296264648e-01 2.160271644592285156e+00
4.527760446071624756e-01 2.160631418228149414e+00
4.506506323814392090e-01 2.163009405136108398e+00
4.230978488922119141e-01 2.149301528930664062e+00
4.218612313270568848e-01 2.149259805679321289e+00
4.217355251312255859e-01 2.150653123855590820e+00
4.191313982009887695e-01 2.162373065948486328e+00
4.147153496742248535e-01 2.163805961608886719e+00
4.154524505138397217e-01 2.086220026016235352e+00
4.349110722541809082e-01 1.972822904586791992e+00
4.493234753608703613e-01 2.003861665725708008e+00
4.702250659465789795e-01 2.003681898117065430e+00
4.701406955718994141e-01 2.002891540527343750e+00
4.663839340209960938e-01 2.002835512161254883e+00
4.640365242958068848e-01 2.002733469009399414e+00
4.637356996536254883e-01 2.003993511199951172e+00
4.520680308341979980e-01 2.010181665420532227e+00
4.548736214637756348e-01 2.008273363113403320e+00
4.560624063014984131e-01 2.006738901138305664e+00
4.546759128570556641e-01 2.006784915924072266e+00
4.546573162078857422e-01 2.009745836257934570e+00
4.537057578563690186e-01 2.011949539184570312e+00
4.455172419548034668e-01 2.012476921081542969e+00
4.216938614845275879e-01 1.999024271965026855e+00
4.199948906898498535e-01 2.000316143035888672e+00
4.198475778102874756e-01 2.001137733459472656e+00
4.172157347202301025e-01 2.011869668960571289e+00
4.132207632064819336e-01 2.011849403381347656e+00
4.223709702491760254e-01 2.013073444366455078e+00
4.331344962120056152e-01 2.013593673706054688e+00
4.358977079391479492e-01 2.045897483825683594e+00
4.598216712474822998e-01 2.045722007751464844e+00
4.583017826080322266e-01 2.045028209686279297e+00
4.666823744773864746e-01 2.044992923736572266e+00
4.661714434623718262e-01 2.044929265975952148e+00
4.647386074066162109e-01 2.046169519424438477e+00
4.631224274635314941e-01 2.047463655471801758e+00
4.560475349426269531e-01 2.046329021453857422e+00
4.569601714611053467e-01 2.044756650924682617e+00
4.567482769489288330e-01 2.044851064682006836e+00
4.558947682380676270e-01 2.047496795654296875e+00
4.548581242561340332e-01 2.049613714218139648e+00
4.534653425216674805e-01 2.050112485885620117e+00
4.716644883155822754e-01 2.037536382675170898e+00
4.714435935020446777e-01 2.038838863372802734e+00
4.716740250587463379e-01 2.039487361907958984e+00
4.692524075508117676e-01 2.051251173019409180e+00
4.690386056900024414e-01 2.051133155822753906e+00
4.653699696063995361e-01 2.001386642456054688e+00
4.897100925445556641e-01 1.858245611190795898e+00
4.896506071090698242e-01 1.474596261978149414e+00
4.923588633537292480e-01 1.472626805305480957e+00
4.930287301540374756e-01 1.472620487213134766e+00
4.873028099536895752e-01 1.472697019577026367e+00
4.788630008697509766e-01 1.473717689514160156e+00
4.442144036293029785e-01 1.474564433097839355e+00
3.368963599205017090e-01 1.464838981628417969e+00
3.190670013427734375e-01 1.464576840400695801e+00
3.216105103492736816e-01 1.466348171234130859e+00
3.230200409889221191e-01 1.490038514137268066e+00
3.231817185878753662e-01 1.489963412284851074e+00
3.219407498836517334e-01 1.414785265922546387e+00
3.219292759895324707e-01 1.419289708137512207e+00
3.201543986797332764e-01 1.429274559020996094e+00
3.402810096740722656e-01 1.433481693267822266e+00
3.401835560798645020e-01 1.433571696281433105e+00
3.403475880622863770e-01 1.432747960090637207e+00
3.396521210670471191e-01 1.433237075805664062e+00
3.396373987197875977e-01 1.433159470558166504e+00
3.390064835548400879e-01 1.435786843299865723e+00
3.400905430316925049e-01 1.437646031379699707e+00
3.401236534118652344e-01 1.431368112564086914e+00
3.414782285690307617e-01 1.429936766624450684e+00
3.572530150413513184e-01 1.429953098297119141e+00
3.579964637756347656e-01 1.430469751358032227e+00
3.582498431205749512e-01 1.430877923965454102e+00
3.454257249832153320e-01 1.430674076080322266e+00
3.182587921619415283e-01 1.420552730560302734e+00
3.206951022148132324e-01 1.474951505661010742e+00
3.220068812370300293e-01 1.477015256881713867e+00
3.210208415985107422e-01 1.494394183158874512e+00
3.208610117435455322e-01 1.495413899421691895e+00
3.206292092800140381e-01 1.495435118675231934e+00
3.347602784633636475e-01 1.517051100730895996e+00
3.372111320495605469e-01 1.516030669212341309e+00
3.384703397750854492e-01 1.516259908676147461e+00
3.386577963829040527e-01 1.517903089523315430e+00
3.378480076789855957e-01 1.517872452735900879e+00
3.361855149269104004e-01 1.519997596740722656e+00
3.370671272277832031e-01 1.514566659927368164e+00
3.368862867355346680e-01 1.514802932739257812e+00
3.370803892612457275e-01 1.512901544570922852e+00
3.383716940879821777e-01 1.513348102569580078e+00
3.611059784889221191e-01 1.513600230216979980e+00
3.625483512878417969e-01 1.514386534690856934e+00
3.655172586441040039e-01 1.514390945434570312e+00
3.442137837409973145e-01 1.500641822814941406e+00
2.998672127723693848e-01 1.500466585159301758e+00
3.025494217872619629e-01 1.504312038421630859e+00
3.038428127765655518e-01 1.525582194328308105e+00
3.039944767951965332e-01 1.522667288780212402e+00
3.027922511100769043e-01 1.442688584327697754e+00
3.028696477413177490e-01 1.387957096099853516e+00
3.012920916080474854e-01 1.386009216308593750e+00
3.197396397590637207e-01 1.384831428527832031e+00
3.197908997535705566e-01 1.384745359420776367e+00
3.199561834335327148e-01 1.386412382125854492e+00
3.192813992500305176e-01 1.389507174491882324e+00
3.192977905273437500e-01 1.391089916229248047e+00
3.188113570213317871e-01 1.393260240554809570e+00
3.211181163787841797e-01 1.392182111740112305e+00
3.211702108383178711e-01 1.392233967781066895e+00
3.225449919700622559e-01 1.392693042755126953e+00
3.426846861839294434e-01 1.392828226089477539e+00
3.433847129344940186e-01 1.393069267272949219e+00
3.476724326610565186e-01 1.384947419166564941e+00
3.401957750320434570e-01 1.384879708290100098e+00
2.977494597434997559e-01 1.384531021118164062e+00
3.001341223716735840e-01 1.411011934280395508e+00
3.014658689498901367e-01 1.410457253456115723e+00
3.011678159236907959e-01 1.379184722900390625e+00
3.004146516323089600e-01 1.374732494354248047e+00
3.003494143486022949e-01 1.389788627624511719e+00
3.127090334892272949e-01 1.387862443923950195e+00
3.180835247039794922e-01 1.386910438537597656e+00
3.180205225944519043e-01 1.386852741241455078e+00
3.182052075862884521e-01 1.388472437858581543e+00
3.174972534179687500e-01 1.391879916191101074e+00
3.174373507499694824e-01 1.393468856811523438e+00
3.166219890117645264e-01 1.395916938781738281e+00
3.176316320896148682e-01 1.394959688186645508e+00
3.176695704460144043e-01 1.395035505294799805e+00
3.190689384937286377e-01 1.395294904708862305e+00
3.436101675033569336e-01 1.395442485809326172e+00
3.443534374237060547e-01 1.395756840705871582e+00
3.528025448322296143e-01 1.387758374214172363e+00
3.328339457511901855e-01 1.676817655563354492e+00
2.915207743644714355e-01 1.865360021591186523e+00
2.933050394058227539e-01 1.880632519721984863e+00
2.946320176124572754e-01 1.899563074111938477e+00
2.948245406150817871e-01 1.906460404396057129e+00
2.930522561073303223e-01 1.909411072731018066e+00
2.931927144527435303e-01 1.909991741180419922e+00
2.918197512626647949e-01 1.906394243240356445e+00
2.449573576450347900e-01 1.905816197395324707e+00
2.439412921667098999e-01 2.029435634613037109e+00
2.439571768045425415e-01 2.041371107101440430e+00
2.437695562839508057e-01 2.058906793594360352e+00
2.437557876110076904e-01 2.062226533889770508e+00
3.181239664554595947e-01 2.062134742736816406e+00
4.380820989608764648e-01 2.095810174942016602e+00
4.743747115135192871e-01 2.094892978668212891e+00
4.754166007041931152e-01 2.094131231307983398e+00
4.771104454994201660e-01 2.094135522842407227e+00
4.767398238182067871e-01 2.093077898025512695e+00
4.747076332569122314e-01 2.095060586929321289e+00
4.704980254173278809e-01 2.097029209136962891e+00
4.658136069774627686e-01 2.100744962692260742e+00
4.670463800430297852e-01 2.099960565567016602e+00
4.672674834728240967e-01 2.100080251693725586e+00
4.658181071281433105e-01 2.102602481842041016e+00
4.647687077522277832e-01 2.103061199188232422e+00
4.621255099773406982e-01 2.105159759521484375e+00
4.287583827972412109e-01 2.090759754180908203e+00
4.275313019752502441e-01 2.090700626373291016e+00
4.274181127548217773e-01 2.092203855514526367e+00
4.248186647891998291e-01 2.102875947952270508e+00
4.231565594673156738e-01 2.104328870773315430e+00
4.212253093719482422e-01 2.027170419692993164e+00
4.419417977333068848e-01 2.012062549591064453e+00
4.618521928787231445e-01 2.043737888336181641e+00
4.975074529647827148e-01 2.042772293090820312e+00
5.091651678085327148e-01 2.041984558105468750e+00
5.112668275833129883e-01 2.041940212249755859e+00
5.073887705802917480e-01 2.041782855987548828e+00
5.051389336585998535e-01 2.043173551559448242e+00
5.051643252372741699e-01 2.045272588729858398e+00
4.956777095794677734e-01 2.053056001663208008e+00
4.972309768199920654e-01 2.052255868911743164e+00
4.976527690887451172e-01 2.052373409271240234e+00
4.959717392921447754e-01 2.054855585098266602e+00
4.950899481773376465e-01 2.055313110351562500e+00
4.945563673973083496e-01 2.057579040527343750e+00
4.610761106014251709e-01 2.045787334442138672e+00
4.609178304672241211e-01 2.045732736587524414e+00
4.593026638031005859e-01 2.047178030014038086e+00
4.571090340614318848e-01 2.061184406280517578e+00
4.570861756801605225e-01 2.062682628631591797e+00
4.528837800025939941e-01 1.991921067237854004e+00
4.725062549114227295e-01 1.946366667747497559e+00
4.725986719131469727e-01 1.976039052009582520e+00
4.748125076293945312e-01 1.974966287612915039e+00
4.758293032646179199e-01 1.974990963935852051e+00
4.683508276939392090e-01 1.975045680999755859e+00
4.623272418975830078e-01 1.974938392639160156e+00
4.603602290153503418e-01 1.976546883583068848e+00
4.484081268310546875e-01 1.981705427169799805e+00
4.510395526885986328e-01 1.978175997734069824e+00
4.520617723464965820e-01 1.976708769798278809e+00
4.508403539657592773e-01 1.979017734527587891e+00
4.507393240928649902e-01 1.979632973670959473e+00
4.496544599533081055e-01 1.981971740722656250e+00
4.478050470352172852e-01 1.983495354652404785e+00
4.253249764442443848e-01 1.969393014907836914e+00
4.239608645439147949e-01 1.970759272575378418e+00
4.238153994083404541e-01 2.063230276107788086e+00
4.210003018379211426e-01 2.081236124038696289e+00
4.168245792388916016e-01 2.098989009857177734e+00
4.175650477409362793e-01 2.102217197418212891e+00
4.335069060325622559e-01 2.101607084274291992e+00
4.501649141311645508e-01 2.135359525680541992e+00
4.695367813110351562e-01 2.134427309036254883e+00
4.695216417312622070e-01 2.133631467819213867e+00
4.680005908012390137e-01 2.133651971817016602e+00
4.664659500122070312e-01 2.133451938629150391e+00
4.653836488723754883e-01 2.134819030761718750e+00
4.535147547721862793e-01 2.136958837509155273e+00
4.563363790512084961e-01 2.140563726425170898e+00
4.576390981674194336e-01 2.139501333236694336e+00
4.561985731124877930e-01 2.139714002609252930e+00
4.561822414398193359e-01 2.142080307006835938e+00
4.551126658916473389e-01 2.142433404922485352e+00
4.518035948276519775e-01 2.144502162933349609e+00
4.243763685226440430e-01 2.127936601638793945e+00
4.230200946331024170e-01 2.127889633178710938e+00
4.228733777999877930e-01 2.129354000091552734e+00
4.203409552574157715e-01 2.139726400375366211e+00
4.162442684173583984e-01 2.141282320022583008e+00
4.146710038185119629e-01 2.065778732299804688e+00
4.344590306282043457e-01 1.996357083320617676e+00
4.463205933570861816e-01 2.027975320816040039e+00
4.806423187255859375e-01 2.026855468750000000e+00
4.942206442356109619e-01 2.026854038238525391e+00
4.953147172927856445e-01 2.026912927627563477e+00
4.918102025985717773e-01 2.026811838150024414e+00
4.897456467151641846e-01 2.028412342071533203e+00
4.894973635673522949e-01 2.033936977386474609e+00
4.798297286033630371e-01 2.030221939086914062e+00
4.811958670616149902e-01 2.028676748275756836e+00
4.814265966415405273e-01 2.031192302703857422e+00
4.799193739891052246e-01 2.031841754913330078e+00
4.789547920227050781e-01 2.034233808517456055e+00
4.783496856689453125e-01 2.035515069961547852e+00
4.491087794303894043e-01 2.020295619964599609e+00
4.477195739746093750e-01 2.021617650985717773e+00
4.476085901260375977e-01 2.023711919784545898e+00
4.450315237045288086e-01 2.033716201782226562e+00
4.448309242725372314e-01 2.026031494140625000e+00
4.413022994995117188e-01 1.995901465415954590e+00
4.589225053787231445e-01 1.995829224586486816e+00
4.593515992164611816e-01 2.027070283889770508e+00
4.789923429489135742e-01 2.026932001113891602e+00
4.787395000457763672e-01 2.026058912277221680e+00
4.744462370872497559e-01 2.025938034057617188e+00
4.719369411468505859e-01 2.025829076766967773e+00
4.716390967369079590e-01 2.027035713195800781e+00
4.603048861026763916e-01 2.033487081527709961e+00
4.627658724784851074e-01 2.032146692276000977e+00
4.641678631305694580e-01 2.030775785446166992e+00
4.627217352390289307e-01 2.030790090560913086e+00
4.627037048339843750e-01 2.033674716949462891e+00
4.617448449134826660e-01 2.035858869552612305e+00
4.570154547691345215e-01 2.036378383636474609e+00
4.341634511947631836e-01 2.022523403167724609e+00
4.327193498611450195e-01 2.023967504501342773e+00
4.325904250144958496e-01 2.024676322937011719e+00
4.299770593643188477e-01 2.035513877868652344e+00
4.258741140365600586e-01 2.035397529602050781e+00
4.244614243507385254e-01 1.973875522613525391e+00
4.426320195198059082e-01 1.973859786987304688e+00
4.514822959899902344e-01 2.004754543304443359e+00
4.695694148540496826e-01 2.003635168075561523e+00
4.693738222122192383e-01 2.003664016723632812e+00
4.710229039192199707e-01 2.003828525543212891e+00
4.686350524425506592e-01 2.003713846206665039e+00
4.683337807655334473e-01 2.005189180374145508e+00
4.565039277076721191e-01 2.009886026382446289e+00
4.593003690242767334e-01 2.006295680999755859e+00
4.607607722282409668e-01 2.004755258560180664e+00
4.592266082763671875e-01 2.006943702697753906e+00
4.591985046863555908e-01 2.007571697235107422e+00
4.583007395267486572e-01 2.009796619415283203e+00
4.518318176269531250e-01 2.011162519454956055e+00
4.269604682922363281e-01 1.995791912078857422e+00
4.252743124961853027e-01 1.997223258018493652e+00
4.251611232757568359e-01 1.999155998229980469e+00
4.223932623863220215e-01 2.009501695632934570e+00
4.182176589965820312e-01 2.016956806182861328e+00
4.168305993080139160e-01 2.019929170608520508e+00
4.369779527187347412e-01 2.019858360290527344e+00
4.397805333137512207e-01 2.051116466522216797e+00
4.529596567153930664e-01 2.050914764404296875e+00
4.527930915355682373e-01 2.049970626831054688e+00
4.534952342510223389e-01 2.049799919128417969e+00
4.509346783161163330e-01 2.049685955047607422e+00
4.506170749664306641e-01 2.050881862640380859e+00
4.381490349769592285e-01 2.055940151214599609e+00
4.411036968231201172e-01 2.053128719329833984e+00
4.426583349704742432e-01 2.051547527313232422e+00
4.411893188953399658e-01 2.051557302474975586e+00
4.411715865135192871e-01 2.054600238800048828e+00
4.399831891059875488e-01 2.056915521621704102e+00
4.307309389114379883e-01 2.057447433471679688e+00
4.149546325206756592e-01 2.043720722198486328e+00
4.133977890014648438e-01 2.045147657394409180e+00
4.132580161094665527e-01 2.045933723449707031e+00
4.104825258255004883e-01 2.057429552078247070e+00
4.061803221702575684e-01 2.056884765625000000e+00
4.049019217491149902e-01 2.019032001495361328e+00
4.282154440879821777e-01 2.018655538558959961e+00
4.424836635589599609e-01 2.051069021224975586e+00
4.673343300819396973e-01 2.050116300582885742e+00
4.675942659378051758e-01 2.049015998840332031e+00
4.659762382507324219e-01 2.049015998840332031e+00
4.635216891765594482e-01 2.048888206481933594e+00
4.632338881492614746e-01 2.050215005874633789e+00
4.522773623466491699e-01 2.055750846862792969e+00
4.548537731170654297e-01 2.057919740676879883e+00
4.561772644519805908e-01 2.056616067886352539e+00
4.548238515853881836e-01 2.056762218475341797e+00
4.548163414001464844e-01 2.059494972229003906e+00
4.536138176918029785e-01 2.062075614929199219e+00
4.408085942268371582e-01 2.062186956405639648e+00
4.269714355468750000e-01 2.050157308578491211e+00
4.253211021423339844e-01 2.050056695938110352e+00
4.251768887042999268e-01 2.052607536315917969e+00
4.225221276283264160e-01 2.063049077987670898e+00
4.184536039829254150e-01 2.062758922576904297e+00
4.168799519538879395e-01 2.033649444580078125e+00
4.355315566062927246e-01 2.033154726028442383e+00
4.467190504074096680e-01 2.065370559692382812e+00
4.716554880142211914e-01 2.064299106597900391e+00
4.713873863220214844e-01 2.063194990158081055e+00
4.623889327049255371e-01 2.063390970230102539e+00
4.729796648025512695e-01 2.064011335372924805e+00
4.886953234672546387e-01 2.065485715866088867e+00
5.272884964942932129e-01 2.067311525344848633e+00
5.397201180458068848e-01 2.050951719284057617e+00
5.379139780998229980e-01 2.050818443298339844e+00
5.276941061019897461e-01 2.050946474075317383e+00
5.267256498336791992e-01 2.051505327224731445e+00
6.606946587562561035e-01 2.052450656890869141e+00
8.288788199424743652e-01 2.053600788116455078e+00
9.695556759834289551e-01 2.040259361267089844e+00
1.143692851066589355e+00 2.040246248245239258e+00
1.277373552322387695e+00 2.041636943817138672e+00
1.362112879753112793e+00 2.052731752395629883e+00
1.370534420013427734e+00 2.054389715194702148e+00
1.413245439529418945e+00 1.980838537216186523e+00
1.414141178131103516e+00 1.818986296653747559e+00
1.413937807083129883e+00 1.462980270385742188e+00
1.425738453865051270e+00 8.906831741333007812e-01
1.425277948379516602e+00 8.918443322181701660e-01
1.424256801605224609e+00 8.899270296096801758e-01
1.423836708068847656e+00 8.892441987991333008e-01
1.423954963684082031e+00 8.891714811325073242e-01
1.425221920013427734e+00 8.902657032012939453e-01
1.424185991287231445e+00 8.911021351814270020e-01
1.389759182929992676e+00 8.950742483139038086e-01
1.390440583229064941e+00 8.947582840919494629e-01
1.390551090240478516e+00 8.963037729263305664e-01
1.391158938407897949e+00 9.224022626876831055e-01
1.390554666519165039e+00 9.227054119110107422e-01
1.390714883804321289e+00 9.158693552017211914e-01
1.369166970252990723e+00 8.879658579826354980e-01
1.369209766387939453e+00 8.695095181465148926e-01
1.370582938194274902e+00 8.661166429519653320e-01
1.365335226058959961e+00 8.660230040550231934e-01
1.409013032913208008e+00 8.676861524581909180e-01
1.409750461578369141e+00 8.675317764282226562e-01
1.409674644470214844e+00 8.699363470077514648e-01
1.418977737426757812e+00 8.814976215362548828e-01
1.418920874595642090e+00 8.825609087944030762e-01
1.418054819107055664e+00 8.807017803192138672e-01
1.418062448501586914e+00 8.799641132354736328e-01
1.418273687362670898e+00 8.799031972885131836e-01
1.419430017471313477e+00 8.806841373443603516e-01
1.417798638343811035e+00 8.814831972122192383e-01
1.382691502571105957e+00 8.848167657852172852e-01
1.383414864540100098e+00 8.844918012619018555e-01
1.383494615554809570e+00 8.859916925430297852e-01
1.384004831314086914e+00 9.115508198738098145e-01
1.383414268493652344e+00 9.203279018402099609e-01
1.382092595100402832e+00 9.202503561973571777e-01
1.360057592391967773e+00 9.078417420387268066e-01
1.360725998878479004e+00 9.072397351264953613e-01
1.379826903343200684e+00 9.070802330970764160e-01
1.421602010726928711e+00 9.017304778099060059e-01
1.425001859664916992e+00 9.012179374694824219e-01
1.424772143363952637e+00 9.012910127639770508e-01
1.432614088058471680e+00 9.029164910316467285e-01
1.435069203376770020e+00 9.045983552932739258e-01
1.434047937393188477e+00 9.052904248237609863e-01
1.434063792228698730e+00 9.173238277435302734e-01
1.434113264083862305e+00 9.182258844375610352e-01
1.435553073883056641e+00 9.161099791526794434e-01
1.434715032577514648e+00 9.154397249221801758e-01
1.412392020225524902e+00 9.154444932937622070e-01
1.408321738243103027e+00 9.166598320007324219e-01
1.409133315086364746e+00 9.209895730018615723e-01
1.409606695175170898e+00 9.402120113372802734e-01
1.409644365310668945e+00 9.503577947616577148e-01
1.408974885940551758e+00 9.559107422828674316e-01
1.400656342506408691e+00 9.597091078758239746e-01
1.382506489753723145e+00 9.493386745452880859e-01
1.383481740951538086e+00 9.492181539535522461e-01
1.385546803474426270e+00 9.474802017211914062e-01
1.368528842926025391e+00 9.479176402091979980e-01
1.409406423568725586e+00 9.479486942291259766e-01
1.410206317901611328e+00 9.498928785324096680e-01
1.409917354583740234e+00 9.514133334159851074e-01
1.420788526535034180e+00 9.522361159324645996e-01
1.420257091522216797e+00 9.574872851371765137e-01
1.419416666030883789e+00 9.583684206008911133e-01
1.419538736343383789e+00 9.565936923027038574e-01
1.419660925865173340e+00 9.557726383209228516e-01
1.420879960060119629e+00 9.557005763053894043e-01
1.419651985168457031e+00 9.566329717636108398e-01
1.382383704185485840e+00 9.601834416389465332e-01
1.383053541183471680e+00 9.600954055786132812e-01
1.383154630661010742e+00 9.693574905395507812e-01
1.383606791496276855e+00 9.898725152015686035e-01
1.383076667785644531e+00 9.924663901329040527e-01
1.383219242095947266e+00 9.783908724784851074e-01
1.362356901168823242e+00 9.777716994285583496e-01
1.362413048744201660e+00 9.793084263801574707e-01
1.365555047988891602e+00 9.806294441223144531e-01
1.373474478721618652e+00 9.811831116676330566e-01
1.421107769012451172e+00 9.813477396965026855e-01
1.422123074531555176e+00 9.828401207923889160e-01
1.421790003776550293e+00 9.844309091567993164e-01
1.432265639305114746e+00 9.865738153457641602e-01
1.431796312332153320e+00 9.964194297790527344e-01
1.430908799171447754e+00 9.956089258193969727e-01
1.431103825569152832e+00 9.955229759216308594e-01
1.431226015090942383e+00 9.953966736793518066e-01
1.432423830032348633e+00 9.954903125762939453e-01
1.431033015251159668e+00 9.961663484573364258e-01
1.403503417968750000e+00 9.996803998947143555e-01
1.403728723526000977e+00 9.996411204338073730e-01
1.426270246505737305e+00 9.992697238922119141e-01
1.509349107742309570e+00 1.031088590621948242e+00
1.559689879417419434e+00 1.031051635742187500e+00
1.609842300415039062e+00 1.017718434333801270e+00
1.612148642539978027e+00 9.453408718109130859e-01
1.612345576286315918e+00 8.505996465682983398e-01
1.622881174087524414e+00 7.514181733131408691e-01
1.621150016784667969e+00 4.382771849632263184e-01
1.619401574134826660e+00 2.511627972126007080e-01
1.619470238685607910e+00 1.337664127349853516e-01
1.619587182998657227e+00 5.108129233121871948e-02
1.619384527206420898e+00 8.737926185131072998e-02
1.615566968917846680e+00 -1.973375678062438965e-01
1.609020471572875977e+00 -2.522644996643066406e-01
1.609636783599853516e+00 -2.513512969017028809e-01
1.609725117683410645e+00 -2.512825131416320801e-01
1.610024809837341309e+00 -2.751929163932800293e-01
1.609517812728881836e+00 -2.754716277122497559e-01
1.610550403594970703e+00 -2.439994663000106812e-01
1.556676149368286133e+00 -2.764984667301177979e-01
1.558016538619995117e+00 -2.765052020549774170e-01
1.558392643928527832e+00 -2.753508388996124268e-01
1.521486043930053711e+00 -2.301713824272155762e-01
1.589274883270263672e+00 -2.254023551940917969e-01
1.589730858802795410e+00 -2.276391088962554932e-01
1.591798424720764160e+00 -2.274461984634399414e-01
1.601045131683349609e+00 -2.251828014850616455e-01
1.599023699760437012e+00 -2.236768901348114014e-01
1.597502589225769043e+00 -2.203698158264160156e-01
1.597718596458435059e+00 -1.842933297157287598e-01
1.597842931747436523e+00 -1.831291168928146362e-01
1.598966598510742188e+00 -1.841020584106445312e-01
1.596653342247009277e+00 -1.351535469293594360e-01
1.595977306365966797e+00 -1.312846094369888306e-01
1.596573233604431152e+00 -3.946096450090408325e-02
1.596666216850280762e+00 -8.477722853422164917e-02
1.597120761871337891e+00 -2.728031873703002930e-01
1.596536636352539062e+00 -2.729736864566802979e-01
1.597665786743164062e+00 -2.533638775348663330e-01
1.549948453903198242e+00 -2.738664150238037109e-01
1.547950744628906250e+00 -2.738687694072723389e-01
1.544253587722778320e+00 -2.726752758026123047e-01
1.516118764877319336e+00 -2.296174168586730957e-01
1.601524591445922852e+00 -2.247743755578994751e-01
1.603442668914794922e+00 -2.268469333648681641e-01
1.605432391166687012e+00 -2.266798019409179688e-01
1.613375902175903320e+00 -2.242875248193740845e-01
1.612337470054626465e+00 -2.228329330682754517e-01
1.610620975494384766e+00 -2.199002206325531006e-01
1.610550284385681152e+00 -1.835572719573974609e-01
1.610947132110595703e+00 -1.847666949033737183e-01
1.612052917480468750e+00 -1.834921240806579590e-01
1.608700275421142578e+00 -1.343643367290496826e-01
1.612228155136108398e+00 -1.308492422103881836e-01
1.612064480781555176e+00 -4.054568707942962646e-02
1.612165927886962891e+00 -7.469716668128967285e-02
1.612696409225463867e+00 -2.779501080513000488e-01
1.612798094749450684e+00 -2.782285511493682861e-01
1.612869977951049805e+00 -2.356155216693878174e-01
1.595103740692138672e+00 -2.606426477432250977e-01
1.555793642997741699e+00 -2.792913019657135010e-01
1.557168006896972656e+00 -2.781250774860382080e-01
1.553278326988220215e+00 -2.340704500675201416e-01
1.582977890968322754e+00 -2.293917089700698853e-01
1.583723664283752441e+00 -2.316092252731323242e-01
1.585625529289245605e+00 -2.314151376485824585e-01
1.594983935356140137e+00 -2.289984524250030518e-01
1.592953443527221680e+00 -2.274973988533020020e-01
1.591417789459228516e+00 -2.244879901409149170e-01
1.591696739196777344e+00 -1.889900863170623779e-01
1.591824889183044434e+00 -1.888308525085449219e-01
1.592957735061645508e+00 -1.888529956340789795e-01
1.590807914733886719e+00 -1.410954296588897705e-01
1.590986967086791992e+00 -1.372616142034530640e-01
1.591593623161315918e+00 -4.267977923154830933e-02
1.591668963432312012e+00 -7.085679471492767334e-02
1.592147111892700195e+00 -2.680563330650329590e-01
1.591372728347778320e+00 -2.692725658416748047e-01
1.592430233955383301e+00 -2.533904016017913818e-01
1.560053348541259766e+00 -2.702884078025817871e-01
1.537884235382080078e+00 -2.702924609184265137e-01
1.539480566978454590e+00 -2.690202295780181885e-01
1.528837919235229492e+00 -2.269360274076461792e-01
1.601732969284057617e+00 -2.218307852745056152e-01
1.604077577590942383e+00 -2.240499556064605713e-01
1.606207132339477539e+00 -2.238856554031372070e-01
1.615128755569458008e+00 -2.217097878456115723e-01
1.614702105522155762e+00 -2.201667428016662598e-01
1.613316178321838379e+00 -2.173186540603637695e-01
1.613172531127929688e+00 -1.811779439449310303e-01
1.613386631011962891e+00 -1.250588148832321167e-01
1.614719390869140625e+00 -1.796140670776367188e-01
1.612994670867919922e+00 -1.328623890876770020e-01
1.611736893653869629e+00 -1.295913159847259521e-01
1.611622571945190430e+00 -4.127276688814163208e-02
1.611726880073547363e+00 -7.998755574226379395e-02
1.612119317054748535e+00 -2.193147689104080200e-01
1.612202644348144531e+00 -2.327000498771667480e-01
1.612197637557983398e+00 -2.338517010211944580e-01
1.603046655654907227e+00 -2.338572889566421509e-01
1.553358912467956543e+00 -2.336764931678771973e-01
1.554590702056884766e+00 -2.323855012655258179e-01
1.553754091262817383e+00 -2.092279195785522461e-01
1.555532097816467285e+00 -1.891949772834777832e-01
1.557759165763854980e+00 -1.911633759737014771e-01
1.559669375419616699e+00 -1.910496652126312256e-01
1.567478895187377930e+00 -1.890525072813034058e-01
1.566290259361267090e+00 -1.876514852046966553e-01
1.564715623855590820e+00 -1.861149966716766357e-01
1.564631581306457520e+00 -1.471540629863739014e-01
1.564940571784973145e+00 -1.472454071044921875e-01
1.566061377525329590e+00 -1.482609808444976807e-01
1.562668442726135254e+00 -9.881944209337234497e-02
1.562277317047119141e+00 -9.853312373161315918e-02
1.562189698219299316e+00 -2.365326881408691406e-02
1.562270045280456543e+00 1.802324503660202026e-02
1.562918066978454590e+00 -2.529686987400054932e-01
1.562933444976806641e+00 -2.693907022476196289e-01
1.563056945800781250e+00 -2.531875669956207275e-01
1.549120545387268066e+00 -2.215577661991119385e-01
1.506579399108886719e+00 -2.707825005054473877e-01
1.511186599731445312e+00 -2.695719599723815918e-01
1.528429269790649414e+00 -2.292464226484298706e-01
1.607967853546142578e+00 -2.246327996253967285e-01
1.610093355178833008e+00 -2.269641160964965820e-01
1.611951112747192383e+00 -2.268014997243881226e-01
1.621422529220581055e+00 -2.245681583881378174e-01
1.620229959487915039e+00 -2.231712639331817627e-01
1.618640899658203125e+00 -2.203354239463806152e-01
1.618579983711242676e+00 -1.855967193841934204e-01
1.619025468826293945e+00 -1.385792791843414307e-01
1.620196819305419922e+00 -1.855449974536895752e-01
1.616841316223144531e+00 -1.358818113803863525e-01
1.617325901985168457e+00 -1.325307190418243408e-01
1.617177963256835938e+00 -4.329688847064971924e-02
1.617245435714721680e+00 -7.124194502830505371e-02
1.617917895317077637e+00 -2.485253363847732544e-01
1.617970705032348633e+00 -2.522486746311187744e-01
1.618292689323425293e+00 -1.717956662178039551e-01
1.597071290016174316e+00 -2.530976533889770508e-01
1.561335325241088867e+00 -2.531140744686126709e-01
1.562855482101440430e+00 -2.518868446350097656e-01
1.554633021354675293e+00 -2.204093039035797119e-01
1.573635816574096680e+00 -2.055391669273376465e-01
1.575910568237304688e+00 -2.078439742326736450e-01
1.576058149337768555e+00 -2.076559662818908691e-01
1.584136009216308594e+00 -2.054663002490997314e-01
1.582897067070007324e+00 -2.039476335048675537e-01
1.581175565719604492e+00 -2.027961611747741699e-01
1.581617355346679688e+00 -1.655443012714385986e-01
1.581944823265075684e+00 -1.658453196287155151e-01
1.582790374755859375e+00 -1.655677258968353271e-01
1.576004981994628906e+00 -1.152654588222503662e-01
1.575664520263671875e+00 -1.137873232364654541e-01
1.576352953910827637e+00 -3.294309228658676147e-02
1.576389789581298828e+00 -5.816817283630371094e-04
1.576728105545043945e+00 -2.729181349277496338e-01
1.576032400131225586e+00 -2.730834186077117920e-01
1.574902534484863281e+00 -2.486236095428466797e-01
1.523249149322509766e+00 -2.739720940589904785e-01
1.524696111679077148e+00 -2.739937603473663330e-01
1.525080323219299316e+00 -2.728367447853088379e-01
1.549015522003173828e+00 -2.296501398086547852e-01
1.590414047241210938e+00 -2.250080704689025879e-01
1.592658996582031250e+00 -2.272166162729263306e-01
1.592808365821838379e+00 -2.270484566688537598e-01
1.601359724998474121e+00 -2.247206717729568481e-01
1.600210189819335938e+00 -2.233155369758605957e-01
1.598531603813171387e+00 -2.204122543334960938e-01
1.598982810974121094e+00 -1.851208060979843140e-01
1.599324345588684082e+00 -1.861729919910430908e-01
1.600217223167419434e+00 -1.850877404212951660e-01
1.598898887634277344e+00 -1.358358860015869141e-01
1.598818302154541016e+00 -1.321859061717987061e-01
1.599554896354675293e+00 -4.184157401323318481e-02
1.599599003791809082e+00 -2.872161567211151123e-02
1.600031375885009766e+00 -2.552857398986816406e-01
1.599349975585937500e+00 -2.347250729799270630e-01
1.598367810249328613e+00 -1.498338282108306885e-01
1.547816753387451172e+00 -2.132059037685394287e-01
1.549297451972961426e+00 -3.096316158771514893e-01
1.549616813659667969e+00 -3.084364235401153564e-01
1.579512357711791992e+00 -2.646381855010986328e-01
1.591335177421569824e+00 -2.601173222064971924e-01
1.594799041748046875e+00 -2.623388469219207764e-01
1.597105383872985840e+00 -2.621567249298095703e-01
1.597176909446716309e+00 -2.599479556083679199e-01
1.604634046554565430e+00 -2.584666609764099121e-01
1.602054119110107422e+00 -2.556292712688446045e-01
1.601901173591613770e+00 -2.190409600734710693e-01
1.601946353912353516e+00 -2.013454735279083252e-01
1.602451205253601074e+00 -2.188329994678497314e-01
1.601606488227844238e+00 1.396465450525283813e-01
1.581293821334838867e+00 4.151510298252105713e-01
1.580569267272949219e+00 6.711068749427795410e-01
1.580432534217834473e+00 8.389987349510192871e-01
1.579905390739440918e+00 1.146104335784912109e+00
1.579764127731323242e+00 1.321265220642089844e+00
1.579169392585754395e+00 1.370459794998168945e+00
1.575753331184387207e+00 1.377617716789245605e+00
1.531349539756774902e+00 1.383059501647949219e+00
1.529935479164123535e+00 1.384418487548828125e+00
1.516542792320251465e+00 1.397689104080200195e+00
1.483135581016540527e+00 1.395797491073608398e+00
1.424178838729858398e+00 1.394742012023925781e+00
1.325316905975341797e+00 1.394944071769714355e+00
1.079121232032775879e+00 1.396407246589660645e+00
9.660471677780151367e-01 1.397449493408203125e+00
8.439394235610961914e-01 1.401967883110046387e+00
7.420598268508911133e-01 1.413143754005432129e+00
7.156482934951782227e-01 1.412194252014160156e+00
6.617141962051391602e-01 1.412372589111328125e+00
6.145236492156982422e-01 1.413052558898925781e+00
5.743458271026611328e-01 1.413134813308715820e+00
4.851963520050048828e-01 1.414648890495300293e+00
4.393123984336853027e-01 1.406364440917968750e+00
3.453603982925415039e-01 1.406293153762817383e+00
3.255259990692138672e-01 1.405927062034606934e+00
3.172791600227355957e-01 1.431277275085449219e+00
3.187643885612487793e-01 1.430762767791748047e+00
3.191919028759002686e-01 1.429672479629516602e+00
3.180648982524871826e-01 1.434234619140625000e+00
3.181273341178894043e-01 1.434184312820434570e+00
3.176466226577758789e-01 1.451861262321472168e+00
3.367726206779479980e-01 1.451858401298522949e+00
3.354621529579162598e-01 1.450996160507202148e+00
3.367887735366821289e-01 1.452467322349548340e+00
3.360344171524047852e-01 1.452394843101501465e+00
3.361009061336517334e-01 1.455046176910400391e+00
3.349161744117736816e-01 1.452824473381042480e+00
3.383853435516357422e-01 1.454890370368957520e+00
3.384469747543334961e-01 1.452916264533996582e+00
3.399879932403564453e-01 1.452966094017028809e+00
3.557375073432922363e-01 1.453717112541198730e+00
3.586340546607971191e-01 1.454527139663696289e+00
3.592478036880493164e-01 1.454650163650512695e+00
3.566851019859313965e-01 1.445954203605651855e+00
3.128117024898529053e-01 1.445637345314025879e+00
3.153782486915588379e-01 1.447496771812438965e+00
3.166972398757934570e-01 1.471254467964172363e+00
3.168461918830871582e-01 1.471203804016113281e+00
3.156264424324035645e-01 1.404640197753906250e+00
3.156270384788513184e-01 1.412617683410644531e+00
3.214519619941711426e-01 1.422028183937072754e+00
3.330446481704711914e-01 1.422129750251770020e+00
3.330910801887512207e-01 1.421338081359863281e+00
3.332628905773162842e-01 1.422767162322998047e+00
3.324858546257019043e-01 1.422682404518127441e+00
3.324750065803527832e-01 1.425462603569030762e+00
3.318524956703186035e-01 1.422608494758605957e+00
3.312660455703735352e-01 1.423063874244689941e+00
3.438036143779754639e-01 1.421188950538635254e+00
3.651791214942932129e-01 1.421642541885375977e+00
3.599984645843505859e-01 1.421800971031188965e+00
3.607364892959594727e-01 1.422730803489685059e+00
3.679631352424621582e-01 1.422217845916748047e+00
3.645632863044738770e-01 1.413217067718505859e+00
3.643051981925964355e-01 1.413033246994018555e+00
3.556526303291320801e-01 1.435425877571105957e+00
3.575828075408935547e-01 1.440851807594299316e+00
3.591902852058410645e-01 1.440091609954833984e+00
3.581582307815551758e-01 1.382216334342956543e+00
3.581476807594299316e-01 1.379878640174865723e+00
3.581960201263427734e-01 1.378061056137084961e+00
3.707042634487152100e-01 1.376941323280334473e+00
3.704200387001037598e-01 1.376871109008789062e+00
3.717199862003326416e-01 1.378608465194702148e+00
3.719180524349212646e-01 1.381790995597839355e+00
3.710862100124359131e-01 1.383419990539550781e+00
3.698078393936157227e-01 1.388171911239624023e+00
3.699088692665100098e-01 1.387070417404174805e+00
3.699265718460083008e-01 1.387114048004150391e+00
3.715164661407470703e-01 1.387532353401184082e+00
3.716125488281250000e-01 1.387678146362304688e+00
3.876131772994995117e-01 1.388006806373596191e+00
3.884846568107604980e-01 1.380101680755615234e+00
3.758512139320373535e-01 1.380027532577514648e+00
2.982161641120910645e-01 1.379695892333984375e+00
3.004750013351440430e-01 1.449166297912597656e+00
3.018799722194671631e-01 1.458667397499084473e+00
3.008298277854919434e-01 1.471506476402282715e+00
3.006522655487060547e-01 1.476277112960815430e+00
3.006546497344970703e-01 1.476207971572875977e+00
3.149411082267761230e-01 1.494183897972106934e+00
3.164864778518676758e-01 1.493954658508300781e+00
3.172883391380310059e-01 1.493085861206054688e+00
3.174784481525421143e-01 1.494693756103515625e+00
3.167056143283843994e-01 1.494600534439086914e+00
3.160938620567321777e-01 1.497385144233703613e+00
3.162474632263183594e-01 1.489931106567382812e+00
3.171413540840148926e-01 1.491867184638977051e+00
3.362300395965576172e-01 1.489868164062500000e+00
3.394702672958374023e-01 1.489909768104553223e+00
3.438798785209655762e-01 1.490520954132080078e+00
3.514393568038940430e-01 1.491211414337158203e+00
3.635566234588623047e-01 1.491259694099426270e+00
3.473643958568572998e-01 1.478318214416503906e+00
3.390372395515441895e-01 1.478133916854858398e+00
3.414701521396636963e-01 1.480043053627014160e+00
3.420516848564147949e-01 1.504068732261657715e+00
3.406255841255187988e-01 1.503924489021301270e+00
3.404167294502258301e-01 1.437021255493164062e+00
3.401166796684265137e-01 1.436980009078979492e+00
3.489009439945220947e-01 1.453880667686462402e+00
3.484164476394653320e-01 1.453979730606079102e+00
3.496940135955810547e-01 1.453090786933898926e+00
3.489531874656677246e-01 1.454672217369079590e+00
3.488641381263732910e-01 1.454582214355468750e+00
3.475002646446228027e-01 1.457347035408020020e+00
3.448312282562255859e-01 1.451569795608520508e+00
3.434512615203857422e-01 1.453632712364196777e+00
3.448961377143859863e-01 1.451668739318847656e+00
3.441488146781921387e-01 1.451710700988769531e+00
3.704690635204315186e-01 1.452292084693908691e+00
3.816874027252197266e-01 1.452907323837280273e+00
3.955147862434387207e-01 1.452971935272216797e+00
3.346168696880340576e-01 1.441944479942321777e+00
2.788659632205963135e-01 1.441663980484008789e+00
2.813054919242858887e-01 1.449552297592163086e+00
2.826273441314697266e-01 1.467897653579711914e+00
2.827846109867095947e-01 1.467829108238220215e+00
2.815282642841339111e-01 1.467312812805175781e+00
2.814802527427673340e-01 1.467253565788269043e+00
2.797512412071228027e-01 1.486693382263183594e+00
2.982956171035766602e-01 1.486763000488281250e+00
2.981130182743072510e-01 1.485932588577270508e+00
2.982854247093200684e-01 1.487427711486816406e+00
2.975380420684814453e-01 1.487348198890686035e+00
2.974747419357299805e-01 1.490122318267822266e+00
2.968184947967529297e-01 1.484633207321166992e+00
2.982857525348663330e-01 1.486724019050598145e+00
2.997127473354339600e-01 1.484785914421081543e+00
3.085755109786987305e-01 1.484819173812866211e+00
3.189063966274261475e-01 1.485399723052978516e+00
3.196200132369995117e-01 1.486218094825744629e+00
3.248403668403625488e-01 1.486259698867797852e+00
3.206092715263366699e-01 1.475794076919555664e+00
2.929592728614807129e-01 1.475631833076477051e+00
2.952374219894409180e-01 1.477323889732360840e+00
2.963558435440063477e-01 1.502110242843627930e+00
2.964986562728881836e-01 1.502025127410888672e+00
2.952691316604614258e-01 1.424988269805908203e+00
2.953005433082580566e-01 1.377046465873718262e+00
2.936774492263793945e-01 1.376117348670959473e+00
3.153908252716064453e-01 1.374971389770507812e+00
3.155273795127868652e-01 1.376665353775024414e+00
3.157034516334533691e-01 1.376543521881103516e+00
3.149319589138031006e-01 1.379593372344970703e+00
3.149555921554565430e-01 1.381825804710388184e+00
3.144379258155822754e-01 1.383962750434875488e+00
3.159688115119934082e-01 1.382400155067443848e+00
3.160129189491271973e-01 1.382490754127502441e+00
3.172635138034820557e-01 1.382861137390136719e+00
3.407914638519287109e-01 1.384323716163635254e+00
3.415084779262542725e-01 1.384093999862670898e+00
3.467179238796234131e-01 1.376627087593078613e+00
3.387694358825683594e-01 1.376456618309020996e+00
3.091628551483154297e-01 1.377657055854797363e+00
3.080163598060607910e-01 1.403710603713989258e+00
3.092799484729766846e-01 1.403371214866638184e+00
3.094332218170166016e-01 1.377671360969543457e+00
3.080952167510986328e-01 1.378944754600524902e+00
3.082496523857116699e-01 1.392801284790039062e+00
3.065676093101501465e-01 1.390798091888427734e+00
3.250656723976135254e-01 1.389688134193420410e+00
3.250719904899597168e-01 1.389616012573242188e+00
3.252495527267456055e-01 1.391238689422607422e+00
3.245670497417449951e-01 1.394185900688171387e+00
3.245069980621337891e-01 1.395673632621765137e+00
3.238565921783447266e-01 1.397565603256225586e+00
3.238636255264282227e-01 1.396516680717468262e+00
3.238912224769592285e-01 1.396581411361694336e+00
3.252125084400177002e-01 1.396806716918945312e+00
3.448043465614318848e-01 1.396935582160949707e+00
3.455617427825927734e-01 1.397221326828002930e+00
3.456525206565856934e-01 1.389258146286010742e+00
3.426991701126098633e-01 1.389184951782226562e+00
3.209257125854492188e-01 1.388861775398254395e+00
3.230888843536376953e-01 1.415289044380187988e+00
3.236652016639709473e-01 1.414714694023132324e+00
3.223592042922973633e-01 1.407497406005859375e+00
3.221521377563476562e-01 1.408835053443908691e+00
3.215756714344024658e-01 1.423213362693786621e+00
3.345605731010437012e-01 1.421351671218872070e+00
3.339150249958038330e-01 1.420322179794311523e+00
3.350287675857543945e-01 1.420249819755554199e+00
3.345953822135925293e-01 1.421805143356323242e+00
3.345092535018920898e-01 1.424971103668212891e+00
3.330763280391693115e-01 1.426366567611694336e+00
3.323615193367004395e-01 1.427131414413452148e+00
3.313803672790527344e-01 1.426076054573059082e+00
3.328136801719665527e-01 1.426129817962646484e+00
3.327148556709289551e-01 1.425961256027221680e+00
3.603063225746154785e-01 1.426019668579101562e+00
3.718069791793823242e-01 1.426235795021057129e+00
3.855823874473571777e-01 1.419477820396423340e+00
3.395006656646728516e-01 1.419364213943481445e+00
2.540722489356994629e-01 1.418951749801635742e+00
2.587184309959411621e-01 1.444392681121826172e+00
2.612116336822509766e-01 1.443862318992614746e+00
2.614402770996093750e-01 1.415362358093261719e+00
2.611445188522338867e-01 1.358819246292114258e+00
2.609620690345764160e-01 1.285411477088928223e+00
2.596471607685089111e-01 1.268146991729736328e+00
2.398299723863601685e-01 1.269655942916870117e+00
2.396196424961090088e-01 1.270089626312255859e+00
2.397160977125167847e-01 1.274803161621093750e+00
2.399051636457443237e-01 1.279253602027893066e+00
2.384102195501327515e-01 1.279552459716796875e+00
2.391062974929809570e-01 1.279698967933654785e+00
2.376921623945236206e-01 1.280430197715759277e+00
2.702078223228454590e-01 1.282521963119506836e+00
2.784388959407806396e-01 1.281597256660461426e+00
2.810595035552978516e-01 1.283589363098144531e+00
2.598201632499694824e-01 1.285228490829467773e+00
2.716122269630432129e-01 1.283400535583496094e+00
2.416970133781433105e-01 1.281641960144042969e+00
2.031423151493072510e-01 1.281628251075744629e+00
2.097426205873489380e-01 1.282980322837829590e+00
2.120851725339889526e-01 1.295469284057617188e+00
2.119755744934082031e-01 1.295726656913757324e+00
2.119496166706085205e-01 1.295282125473022461e+00
2.136879712343215942e-01 1.301269054412841797e+00
2.148404419422149658e-01 1.309592247009277344e+00
1.937487125396728516e-01 1.305934190750122070e+00
1.925911754369735718e-01 1.246764659881591797e+00
1.926703304052352905e-01 1.243631601333618164e+00
1.927754133939743042e-01 1.251436591148376465e+00
1.921086907386779785e-01 1.249992609024047852e+00
1.902032792568206787e-01 1.250255942344665527e+00
2.252476662397384644e-01 1.250864386558532715e+00
2.660322487354278564e-01 1.250874519348144531e+00
2.758206725120544434e-01 1.253281116485595703e+00
2.772635221481323242e-01 1.254759192466735840e+00
2.409544885158538818e-01 1.261638283729553223e+00
2.479213923215866089e-01 1.260024309158325195e+00
2.386816293001174927e-01 1.260300755500793457e+00
1.985037475824356079e-01 1.258877277374267578e+00
2.050825804471969604e-01 1.260524630546569824e+00
2.075828760862350464e-01 1.263129472732543945e+00
2.074923962354660034e-01 1.277813076972961426e+00
2.074308097362518311e-01 1.277773499488830566e+00
2.092320024967193604e-01 1.279474735260009766e+00
2.105217874050140381e-01 1.289303541183471680e+00
1.890609413385391235e-01 1.291211128234863281e+00
1.879954785108566284e-01 1.264956712722778320e+00
1.880577653646469116e-01 1.266794800758361816e+00
1.882365196943283081e-01 1.274236202239990234e+00
1.875917017459869385e-01 1.274511575698852539e+00
1.857630014419555664e-01 1.274800658226013184e+00
2.212929874658584595e-01 1.275235414505004883e+00
2.612762451171875000e-01 1.277655482292175293e+00
2.674296796321868896e-01 1.276992559432983398e+00
2.670348286628723145e-01 1.279625535011291504e+00
2.386751174926757812e-01 1.281297802925109863e+00
2.467944025993347168e-01 1.279415607452392578e+00
2.389668673276901245e-01 1.277823328971862793e+00
1.897640973329544067e-01 1.277810096740722656e+00
1.962392777204513550e-01 1.279313206672668457e+00
1.984364688396453857e-01 1.294220566749572754e+00
1.983325928449630737e-01 1.295133829116821289e+00
1.982595026493072510e-01 1.294709682464599609e+00
2.000098526477813721e-01 1.298150062561035156e+00
2.013582736253738403e-01 1.333345413208007812e+00
1.794449985027313232e-01 1.340839266777038574e+00
1.783120334148406982e-01 1.339540243148803711e+00
1.784133762121200562e-01 1.343070149421691895e+00
1.784759759902954102e-01 1.342875719070434570e+00
1.778852641582489014e-01 1.357345342636108398e+00
1.762945353984832764e-01 1.357480406761169434e+00
2.562708556652069092e-01 1.357456564903259277e+00
2.911745309829711914e-01 1.358012557029724121e+00
3.030307292938232422e-01 1.358059525489807129e+00
2.978426516056060791e-01 1.360173106193542480e+00
2.510616779327392578e-01 1.368059992790222168e+00
2.429666221141815186e-01 1.375335574150085449e+00
2.426538765430450439e-01 1.373849630355834961e+00
2.265820503234863281e-01 1.374021172523498535e+00
2.320089042186737061e-01 1.373060941696166992e+00
2.343020886182785034e-01 1.374649882316589355e+00
2.345249801874160767e-01 1.376625180244445801e+00
2.342028915882110596e-01 1.389735579490661621e+00
2.361031323671340942e-01 1.389885902404785156e+00
2.398736327886581421e-01 1.392729163169860840e+00
2.130871713161468506e-01 1.397619962692260742e+00
2.127737998962402344e-01 1.395501613616943359e+00
2.128045558929443359e-01 1.262696504592895508e+00
2.128759920597076416e-01 1.256108880043029785e+00
2.114444375038146973e-01 1.256278276443481445e+00
2.156724631786346436e-01 1.256574630737304688e+00
2.458420395851135254e-01 1.256921052932739258e+00
2.864674925804138184e-01 1.259281635284423828e+00
3.083321452140808105e-01 1.258603692054748535e+00
3.301331996917724609e-01 1.261632800102233887e+00
3.491117358207702637e-01 1.262038707733154297e+00
6.059907078742980957e-01 1.259596109390258789e+00
8.860800266265869141e-01 1.259628891944885254e+00
1.075019121170043945e+00 1.259625434875488281e+00
1.193429112434387207e+00 1.260917663574218750e+00
1.354182124137878418e+00 1.275845289230346680e+00
1.456193685531616211e+00 1.276676774024963379e+00
1.510247707366943359e+00 1.276359081268310547e+00
1.586375117301940918e+00 1.279897928237915039e+00
1.590905547142028809e+00 1.291551351547241211e+00
1.593326807022094727e+00 1.281899213790893555e+00
1.596598982810974121e+00 1.186832427978515625e+00
1.605377078056335449e+00 1.082097291946411133e+00
1.604186058044433594e+00 1.017766594886779785e+00
1.602285742759704590e+00 8.936125636100769043e-01
1.602402448654174805e+00 8.937842249870300293e-01
1.602486848831176758e+00 8.429074287414550781e-01
1.603964805603027344e+00 7.788430452346801758e-01
1.604443311691284180e+00 5.101208686828613281e-01
1.603535532951354980e+00 3.873629271984100342e-01
1.604303002357482910e+00 3.620285987854003906e-01
1.604360103607177734e+00 6.134798377752304077e-02
1.604631185531616211e+00 -2.716148793697357178e-01
1.604127407073974609e+00 -2.718004882335662842e-01
1.603533029556274414e+00 -2.487318664789199829e-01
1.558968067169189453e+00 -2.510964274406433105e-01
1.551775693893432617e+00 -2.727802395820617676e-01
1.552717447280883789e+00 -2.715779244899749756e-01
1.574503302574157715e+00 -2.276425361633300781e-01
1.603296995162963867e+00 -2.231293618679046631e-01
1.604295849800109863e+00 -2.254352271556854248e-01
1.605946063995361328e+00 -2.252628505229949951e-01
1.615409970283508301e+00 -2.229015082120895386e-01
1.613432645797729492e+00 -2.213196307420730591e-01
1.611820101737976074e+00 -2.187766432762145996e-01
1.612186431884765625e+00 -1.831503212451934814e-01
1.612314343452453613e+00 -1.843654960393905640e-01
1.613489031791687012e+00 -1.829696297645568848e-01
1.611308574676513672e+00 -1.356669068336486816e-01
1.609671354293823242e+00 -1.319975256919860840e-01
1.610310912132263184e+00 -4.084613174200057983e-02
1.610406041145324707e+00 -5.389823019504547119e-02
1.610873222351074219e+00 -2.659567594528198242e-01
1.610150098800659180e+00 -2.742329239845275879e-01
1.611158847808837891e+00 -2.224541455507278442e-01
1.592423200607299805e+00 -1.775957942008972168e-01
1.557518243789672852e+00 -2.860462963581085205e-01
1.558376669883728027e+00 -2.848521769046783447e-01
1.545473456382751465e+00 -2.441903948783874512e-01
1.572537302970886230e+00 -2.398673593997955322e-01
1.574769973754882812e+00 -2.421496063470840454e-01
1.574935436248779297e+00 -2.419899106025695801e-01
1.583703041076660156e+00 -2.397463619709014893e-01
1.582528591156005859e+00 -2.383837103843688965e-01
1.580860257148742676e+00 -2.355791032314300537e-01
1.581266045570373535e+00 -1.694466918706893921e-01
1.581575155258178711e+00 -1.947064995765686035e-01
1.582466602325439453e+00 -1.995105147361755371e-01
1.578098177909851074e+00 -1.515639126300811768e-01
1.577867865562438965e+00 -1.479834020137786865e-01
1.578495502471923828e+00 -5.391310900449752808e-02
1.578532457351684570e+00 -1.024985611438751221e-01
1.578985810279846191e+00 -2.668687701225280762e-01
1.578345298767089844e+00 -2.670711576938629150e-01
1.577312350273132324e+00 -2.122781723737716675e-01
1.540712118148803711e+00 -2.682497501373291016e-01
1.538919925689697266e+00 -2.682559490203857422e-01
1.527046203613281250e+00 -2.670765519142150879e-01
1.521985054016113281e+00 -2.239119857549667358e-01
1.593401074409484863e+00 -2.193403840065002441e-01
1.594282150268554688e+00 -2.215405106544494629e-01
1.595935106277465820e+00 -2.213698625564575195e-01
1.605012416839599609e+00 -2.190632522106170654e-01
1.603117227554321289e+00 -2.176613956689834595e-01
1.601401448249816895e+00 -2.148354947566986084e-01
1.601706624031066895e+00 -1.804512441158294678e-01
1.601809978485107422e+00 -1.489311754703521729e-01
1.602899551391601562e+00 -1.804415881633758545e-01
1.600580334663391113e+00 -1.327218711376190186e-01
1.597653865814208984e+00 -1.069433987140655518e-01
1.598245978355407715e+00 -4.290170967578887939e-02
1.598346829414367676e+00 -1.136794015765190125e-01
1.598799467086791992e+00 -2.529978752136230469e-01
1.598126411437988281e+00 -2.543089091777801514e-01
1.599160432815551758e+00 -2.111697494983673096e-01
1.545667529106140137e+00 -2.554280757904052734e-01
1.547067999839782715e+00 -2.554450035095214844e-01
1.547397375106811523e+00 -2.541761100292205811e-01
1.564719080924987793e+00 -2.123409211635589600e-01
1.567075133323669434e+00 -2.079296261072158813e-01
1.569073438644409180e+00 -2.101574838161468506e-01
1.575377345085144043e+00 -2.099448144435882568e-01
1.577665567398071289e+00 -2.077176570892333984e-01
1.575946211814880371e+00 -2.061450481414794922e-01
1.575860500335693359e+00 -2.032636106014251709e-01
1.576536536216735840e+00 -1.668629646301269531e-01
1.577918410301208496e+00 -1.619313359260559082e-01
