3.003999999999999915e+01
3.603999999999999915e+01
4.403999999999999915e+01
4.934000000000000341e+01
5.963000000000000256e+01
6.109000000000000341e+01
6.953000000000000114e+01
7.304000000000000625e+01
4.753000000000000114e+01
9.521999999999999886e+01
4.588000000000000256e+01
1.061200000000000045e+02
5.157000000000000028e+01
1.227800000000000011e+02
1.218499999999999943e+02
1.314199999999999875e+02
1.321999999999999886e+02
1.373100000000000023e+02
1.520600000000000023e+02
1.544699999999999989e+02
