3.001999999999999957e+01
3.578999999999999915e+01
4.322999999999999687e+01
4.924000000000000199e+01
5.906000000000000227e+01
6.064000000000000057e+01
6.965000000000000568e+01
7.295999999999999375e+01
4.760999999999999943e+01
9.514000000000000057e+01
4.509000000000000341e+01
1.065000000000000000e+02
5.095000000000000284e+01
1.221700000000000017e+02
1.220199999999999960e+02
1.319499999999999886e+02
1.332700000000000102e+02
1.381200000000000045e+02
1.525099999999999909e+02
1.560200000000000102e+02
