3.032000000000000028e+01
3.574000000000000199e+01
4.342999999999999972e+01
4.860999999999999943e+01
5.786999999999999744e+01
6.081000000000000227e+01
7.020000000000000284e+01
7.254000000000000625e+01
4.806000000000000227e+01
9.412000000000000455e+01
4.575999999999999801e+01
1.069500000000000028e+02
5.082000000000000028e+01
1.236299999999999955e+02
1.222399999999999949e+02
1.339799999999999898e+02
1.330399999999999920e+02
1.393100000000000023e+02
1.505000000000000000e+02
1.573300000000000125e+02
