1.424000000000000021e+01
1.607000000000000028e+01
1.835999999999999943e+01
2.160999999999999943e+01
2.500000000000000000e+01
2.962999999999999901e+01
1.480000000000000071e+01
4.064999999999999858e+01
4.609000000000000341e+01
5.195000000000000284e+01
9.996999999999999886e+01
8.803000000000000114e+01
3.091000000000000014e+01
6.684999999999999432e+01
1.432100000000000080e+02
1.454799999999999898e+02
7.612000000000000455e+01
9.810999999999999943e+01
2.102599999999999909e+02
2.037100000000000080e+02
