1.415000000000000036e+01
1.600000000000000000e+01
2.008999999999999986e+01
2.335000000000000142e+01
2.571999999999999886e+01
3.135999999999999943e+01
4.224000000000000199e+01
3.692999999999999972e+01
6.024000000000000199e+01
6.350000000000000000e+01
3.810999999999999943e+01
9.754000000000000625e+01
1.314499999999999886e+02
8.679999999999999716e+01
1.671899999999999977e+02
7.568000000000000682e+01
2.228799999999999955e+02
8.929000000000000625e+01
2.702799999999999727e+02
2.579499999999999886e+02
