1.410999999999999943e+01
1.623000000000000043e+01
2.151999999999999957e+01
2.482000000000000028e+01
1.101999999999999957e+01
1.289000000000000057e+01
1.533999999999999986e+01
2.491000000000000014e+01
2.873999999999999844e+01
2.232999999999999829e+01
4.414000000000000057e+01
5.206000000000000227e+01
4.547999999999999687e+01
6.712000000000000455e+01
3.877000000000000313e+01
7.095000000000000284e+01
7.973999999999999488e+01
8.215999999999999659e+01
6.895999999999999375e+01
1.212800000000000011e+02
