1.375999999999999979e+01
1.610000000000000142e+01
2.112999999999999901e+01
2.310999999999999943e+01
1.616000000000000014e+01
1.837999999999999901e+01
2.203999999999999915e+01
2.585000000000000142e+01
2.864000000000000057e+01
5.571999999999999886e+01
8.812000000000000455e+01
7.098000000000000398e+01
6.954999999999999716e+01
9.290000000000000568e+01
7.600000000000000000e+01
4.272999999999999687e+01
6.904999999999999716e+01
5.032000000000000028e+01
1.112399999999999949e+02
1.220199999999999960e+02
