1.414000000000000057e+01
1.574000000000000021e+01
1.898999999999999844e+01
2.387999999999999901e+01
2.483999999999999986e+01
3.023000000000000043e+01
3.497999999999999687e+01
4.020000000000000284e+01
4.614000000000000057e+01
5.211999999999999744e+01
7.240000000000000568e+01
7.950000000000000000e+01
1.083100000000000023e+02
1.153900000000000006e+02
1.654799999999999898e+02
1.998199999999999932e+02
1.828100000000000023e+02
2.510399999999999920e+02
1.773199999999999932e+02
2.541299999999999955e+02
